0 上海 209.0 9495700.0
1 东莞 0.0 403698.0
2 中山 1.0 426871.0
3 丽水 1.0 370000.0
4 乌鲁木齐 107.0 1358990.0
5 佛山 1.0 429433.0
6 保定 622.0 635487.0
7 兰州 127.0 1527380.0
8 北京 588.0 7296960.0
9 南京 293.0 2822120.0
10 南宁 12.0 1016010.0
11 南昌 112.0 1386450.0
12 南通 211.0 538904.0
13 厦门 0.0 397303.0
14 台州 56.0 450000.0
15 合肥 404.0 1107140.0
16 呼和浩特 225.0 817466.0
17 哈尔滨 82.0 2672070.0
18 唐山 670.0 1279230.0
19 嘉兴 154.0 794500.0
20 大连 65.0 2118090.0
21 天津 629.0 5066130.0
22 太原 363.0 1905400.0
23 宁波 48.0 806889.0
24 宿迁 389.0 297900.0
25 常州 211.0 827131.0
26 广州 2.0 4154810.0
27 廊坊 683.0 803848.0
28 张家口 165.0 681109.0
29 徐州 402.0 1120530.0
30 惠州 1.0 312591.0
31 成都 196.0 2341200.0
32 扬州 248.0 531182.0
33 承德 269.0 318500.0
34 拉萨 10.0 190000.0
35 无锡 264.0 1245130.0
36 昆明 0.0 1549590.0
37 杭州 143.0 1932610.0
38 株洲 96.0 567745.0
39 武汉 171.0 4488890.0
40 江门 11.0 345452.0
41 沈阳 162.0 3981020.0
42 沧州 605.0 368289.0
43 泰州 315.0 304500.0
44 济南 632.0 1917200.0
45 海口 0.0 513720.0
46 淮安 363.0 725381.0
47 深圳 0.0 1058530.0
48 温州 18.0 563379.0
49 湖州 129.0 343879.0
50 湘潭 88.0 550631.0
51 珠海 0.0 418087.0
52 盐城 154.0 404326.0
53 石家庄 694.0 1632270.0
54 福州 0.0 1172220.0
55 秦皇岛 211.0 521091.0
56 绍兴 113.0 311013.0
57 肇庆 13.0 323228.0
58 舟山 12.0 350000.0
59 苏州 199.0 1170620.0
60 衡水 695.0 490606.0
61 衢州 117.0 406300.0
62 西宁 137.0 639315.0
63 西安 118.0 2588990.0
64 贵阳 21.0 1341240.0
65 连云港 270.0 521412.0
66 邢台 792.0 463237.0
67 邯郸 723.0 1069150.0
68 郑州 570.0 1688680.0
69 重庆 58.0 3934240.0
70 金华 102.0 363930.0
71 银川 37.0 516567.0
72 镇江 271.0 526423.0
73 长春 58.0 2223170.0
74 长沙 86.0 1489260.0
75 青岛 161.0 1867360.0
pm2.5_hour与urban_population的相关系数为0.13827920074649144	
0 上海 209.0 1563.0
1 东莞 0.0 590.0
2 中山 1.0 88.5
3 丽水 1.0 27.0
4 乌鲁木齐 107.0 251.0
5 佛山 1.0 373.0
6 保定 622.0 110.0
7 兰州 127.0 137.0
8 北京 588.0 1268.0
9 南京 293.0 502.0
10 南宁 12.0 143.0
11 南昌 112.0 222.0
12 南通 211.0 118.0
13 厦门 0.0 245.0
14 台州 56.0 60.7
15 合肥 404.0 263.0
16 呼和浩特 225.0 176.0
17 哈尔滨 82.0 234.0
18 唐山 670.0 140.0
19 嘉兴 154.0 95.8
20 大连 65.0 318.0
21 天津 629.0 605.0
22 太原 363.0 205.0
23 宁波 48.0 395.0
24 宿迁 389.0 33.0
25 常州 211.0 307.0
26 广州 2.0 700.0
27 廊坊 683.0 61.3
28 张家口 165.0 77.0
29 徐州 402.0 108.0
30 惠州 1.0 63.0
31 成都 196.0 406.0
32 扬州 248.0 85.1
33 承德 269.0 11.21
34 拉萨 10.0 40.0
35 无锡 264.0 372.0
36 昆明 0.0 269.0
37 杭州 143.0 551.0
38 株洲 96.0 66.6
39 武汉 171.0 408.0
40 江门 11.0 83.8
41 沈阳 162.0 399.0
42 沧州 605.0 51.62
43 泰州 315.0 48.0
44 济南 632.0 310.0
45 海口 0.0 77.8
46 淮安 363.0 61.6
47 深圳 0.0 661.0
48 温州 18.0 155.0
49 湖州 129.0 64.0
50 湘潭 88.0 59.5
51 珠海 0.0 106.0
52 盐城 154.0 64.0
53 石家庄 694.0 265.0
54 福州 0.0 177.0
55 秦皇岛 211.0 80.8
56 绍兴 113.0 89.4
57 肇庆 13.0 25.0
58 舟山 12.0 59.15
59 苏州 199.0 411.0
60 衡水 695.0 35.29
61 衢州 117.0 44.7
62 西宁 137.0 71.6
63 西安 118.0 359.0
64 贵阳 21.0 105.0
65 连云港 270.0 77.0
66 邢台 792.0 71.36
67 邯郸 723.0 71.7
68 郑州 570.0 294.0
69 重庆 58.0 278.0
70 金华 102.0 80.4
71 银川 37.0 111.0
72 镇江 271.0 86.0
73 长春 58.0 222.0
74 长沙 86.0 190.0
75 青岛 161.0 337.0
pm2.5_hour与urban_area的相关系数为0.037339355914656626	
0 上海 209.0 6075.3
1 东莞 0.0 684.234
2 中山 1.0 4823.4
3 丽水 1.0 13703.7
4 乌鲁木齐 107.0 5414.3
5 佛山 1.0 1151.29
6 保定 622.0 5777.15
7 兰州 127.0 11148.8
8 北京 588.0 5754.7
9 南京 293.0 5621.75
10 南宁 12.0 7104.96
11 南昌 112.0 6245.27
12 南通 211.0 4566.98
13 厦门 0.0 1621.64
14 台州 56.0 7413.51
15 合肥 404.0 4209.66
16 呼和浩特 225.0 4644.69
17 哈尔滨 82.0 11419.1
18 唐山 670.0 9137.36
19 嘉兴 154.0 8293.32
20 大连 65.0 6660.66
21 天津 629.0 8373.77
22 太原 363.0 9294.63
23 宁波 48.0 2042.76
24 宿迁 389.0 9027.27
25 常州 211.0 2694.24
26 广州 2.0 5935.44
27 廊坊 683.0 13113.3
28 张家口 165.0 8845.57
29 徐州 402.0 10375.3
30 惠州 1.0 4961.76
31 成都 196.0 5766.5
32 扬州 248.0 6241.86
33 承德 269.0 28412.1
34 拉萨 10.0 4750.0
35 无锡 264.0 3347.12
36 昆明 0.0 5760.56
37 杭州 143.0 3507.46
38 株洲 96.0 8524.7
39 武汉 171.0 11002.2
40 江门 11.0 4122.34
41 沈阳 162.0 9977.49
42 沧州 605.0 7134.62
43 泰州 315.0 6343.75
44 济南 632.0 6184.52
45 海口 0.0 6603.08
46 淮安 363.0 11775.7
47 深圳 0.0 1601.41
48 温州 18.0 3634.7
49 湖州 129.0 5373.11
50 湘潭 88.0 9254.3
51 珠海 0.0 3944.22
52 盐城 154.0 6317.59
53 石家庄 694.0 6159.51
54 福州 0.0 6622.71
55 秦皇岛 211.0 6449.15
56 绍兴 113.0 3478.89
57 肇庆 13.0 12929.1
58 舟山 12.0 5917.16
59 苏州 199.0 2848.22
60 衡水 695.0 13902.1
61 衢州 117.0 9089.49
62 西宁 137.0 8928.98
63 西安 118.0 7211.67
64 贵阳 21.0 12773.7
65 连云港 270.0 6771.58
66 邢台 792.0 6491.55
67 邯郸 723.0 14911.4
68 郑州 570.0 5743.81
69 重庆 58.0 14151.9
70 金华 102.0 4526.49
71 银川 37.0 4653.76
72 镇江 271.0 6121.2
73 长春 58.0 10014.3
74 长沙 86.0 7838.21
75 青岛 161.0 5541.13
pm2.5_hour与urban_density的相关系数为0.22950689874739516	
0 上海 209.0 297.0
1 东莞 0.0 62.729
2 中山 1.0 36.63
3 丽水 1.0 12.359
4 乌鲁木齐 107.0 19.773
5 佛山 1.0 101.881
6 保定 622.0 30.3
7 兰州 127.0 16.255
8 北京 588.0 247.7
9 南京 293.0 115.8
10 南宁 12.0 26.594
11 南昌 112.0 32.604
12 南通 211.0 51.195
13 厦门 0.0 39.261
14 台州 56.0 47.079
15 合肥 404.0 59.24
16 呼和浩特 225.0 21.44
17 哈尔滨 82.0 69.12
18 唐山 670.0 88.66
19 嘉兴 154.0 46.4
20 大连 65.0 76.2
21 天津 629.0 177.6
22 太原 363.0 28.96
23 宁波 48.0 103.4
24 宿迁 389.0 24.708
25 常州 211.0 55.43
26 广州 2.0 192.3
27 廊坊 683.0 19.96
28 张家口 165.0 15.7
29 徐州 402.0 57.86
30 惠州 1.0 38.22
31 成都 196.0 82.119
32 扬州 248.0 47.78
33 承德 269.0 4.89
34 拉萨 10.0 2.914
35 无锡 264.0 112.08
36 昆明 0.0 49.028
37 杭州 143.0 123.627
38 株洲 96.0 24.213
39 武汉 171.0 82.23
40 江门 11.0 28.343
41 沈阳 162.0 81.64
42 沧州 605.0 32.54
43 泰州 315.0 44.01
44 济南 632.0 68.221
45 海口 0.0 9.117
46 淮安 363.0 27.53
47 深圳 0.0 205.15
48 温州 18.0 52.928
49 湖州 129.0 19.229
50 湘潭 88.0 17.408
51 珠海 0.0 17.854
52 盐城 154.0 45.14
53 石家庄 694.0 73.31
54 福州 0.0 57.825
55 秦皇岛 211.0 13.74
56 绍兴 113.0 51.589
57 肇庆 13.0 16.0
58 舟山 12.0 9.518
59 苏州 199.0 190.2
60 衡水 695.0 16.48
61 衢州 117.0 13.784
62 西宁 137.0 11.93
63 西安 118.0 52.8
64 贵阳 21.0 16.572
65 连云港 270.0 26.12
66 邢台 792.0 24.96
67 邯郸 723.0 49.26
68 郑州 570.0 90.36
69 重庆 58.0 184.8
70 金华 102.0 31.17
71 银川 37.0 18.6
72 镇江 271.0 41.69
73 长春 58.0 73.4
74 长沙 86.0 101.385
75 青岛 161.0 102.428
pm2.5_hour与GDP的相关系数为0.081132236755545	
0 上海 209.0 12784.0
1 东莞 0.0 7799.0
2 中山 1.0 12391.1
3 丽水 1.0 5838.0
4 乌鲁木齐 107.0 6358.0
5 佛山 1.0 14089.0
6 保定 622.0 2725.0
7 兰州 127.0 4531.0
8 北京 588.0 12447.0
9 南京 293.0 14296.0
10 南宁 12.0 3890.0
11 南昌 112.0 6465.0
12 南通 211.0 7103.0
13 厦门 0.0 12260.0
14 台州 56.0 7967.0
15 合肥 404.0 7515.0
16 呼和浩特 225.0 8310.51
17 哈尔滨 82.0 6499.06
18 唐山 670.0 11608.6
19 嘉兴 154.0 9174.0
20 大连 65.0 10217.0
21 天津 629.0 13058.0
22 太原 363.0 8275.65
23 宁波 48.0 13541.0
24 宿迁 389.0 5166.7
25 常州 211.0 11995.0
26 广州 2.0 15109.0
27 廊坊 683.0 4625.0
28 张家口 165.0 3438.0
29 徐州 402.0 6745.2
30 惠州 1.0 5709.0
31 成都 196.0 6442.0
32 扬州 248.0 11129.5
33 承德 269.0 2880.0
34 拉萨 10.0 5112.0
35 无锡 264.0 17495.5
36 昆明 0.0 7448.09
37 杭州 143.0 14097.0
38 株洲 96.0 6258.0
39 武汉 171.0 8405.0
40 江门 11.0 6358.0
41 沈阳 162.0 12878.5
42 沧州 605.0 4608.0
43 泰州 315.0 9526.02
44 济南 632.0 9960.0
45 海口 0.0 5721.0
46 淮安 363.0 5747.0
47 深圳 0.0 17540.0
48 温州 18.0 5791.0
49 湖州 129.0 6695.0
50 湘潭 88.0 6311.0
51 珠海 0.0 11506.0
52 盐城 154.0 6226.36
53 石家庄 694.0 7131.29
54 福州 0.0 8073.0
55 秦皇岛 211.0 4606.0
56 绍兴 113.0 10478.0
57 肇庆 13.0 4134.0
58 舟山 12.0 8625.0
59 苏州 199.0 18064.0
60 衡水 695.0 9448.2
61 衢州 117.0 6499.0
62 西宁 137.0 5398.0
63 西安 118.0 4277.59
64 贵阳 21.0 3872.0
65 连云港 270.0 5940.96
66 邢台 792.0 3515.0
67 邯郸 723.0 5371.0
68 郑州 570.0 10016.0
69 重庆 58.0 6191.0
70 金华 102.0 5894.0
71 银川 37.0 11698.0
72 镇江 271.0 8915.84
73 长春 58.0 9852.0
74 长沙 86.0 14242.0
75 青岛 161.0 11699.0
pm2.5_hour与GDP_capita的相关系数为-0.09012125543158739	
