9495700.0
403698.0
426871.0
370000.0
1358990.0
429433.0
635487.0
1527380.0
7296960.0
2822120.0
1016010.0
1386450.0
538904.0
397303.0
450000.0
1107140.0
817466.0
2672070.0
1279230.0
794500.0
2118090.0
5066130.0
1905400.0
806889.0
297900.0
827131.0
4154810.0
803848.0
681109.0
1120530.0
312591.0
2341200.0
531182.0
318500.0
190000.0
1245130.0
1549590.0
1932610.0
567745.0
4488890.0
345452.0
3981020.0
368289.0
304500.0
1917200.0
513720.0
725381.0
1058530.0
563379.0
343879.0
550631.0
418087.0
404326.0
1632270.0
1172220.0
521091.0
311013.0
323228.0
350000.0
1170620.0
490606.0
406300.0
639315.0
2588990.0
1341240.0
521412.0
463237.0
1069150.0
1688680.0
3934240.0
363930.0
516567.0
526423.0
2223170.0
1489260.0
1867360.0