0 上海 49.4969 9495700.0
1 东莞 20.1077 403698.0
2 中山 19.0214 426871.0
3 丽水 25.4702 370000.0
4 乌鲁木齐 47.8014 1358990.0
5 佛山 22.8762 429433.0
6 保定 99.6999 635487.0
7 兰州 50.1211 1527380.0
8 北京 89.6803 7296960.0
9 南京 56.9911 2822120.0
10 南宁 26.1647 1016010.0
11 南昌 45.5138 1386450.0
12 南通 56.992 538904.0
13 厦门 23.6723 397303.0
14 台州 35.2199 450000.0
15 合肥 70.8905 1107140.0
16 呼和浩特 58.1603 817466.0
17 哈尔滨 37.4657 2672070.0
18 唐山 103.4817 1279230.0
19 嘉兴 46.138 794500.0
20 大连 37.8433 2118090.0
21 天津 90.984 5066130.0
22 太原 60.9466 1905400.0
23 宁波 34.7854 806889.0
24 宿迁 80.6919 297900.0
25 常州 52.4773 827131.0
26 广州 27.6385 4154810.0
27 廊坊 97.87 803848.0
28 张家口 41.9599 681109.0
29 徐州 79.9314 1120530.0
30 惠州 16.8976 312591.0
31 成都 51.1941 2341200.0
32 扬州 55.9136 531182.0
33 承德 50.5022 318500.0
34 拉萨 23.5191 190000.0
35 无锡 55.5663 1245130.0
36 昆明 24.2378 1549590.0
37 杭州 44.2164 1932610.0
38 株洲 36.976 567745.0
39 武汉 47.4924 4488890.0
40 江门 21.195 345452.0
41 沈阳 49.1398 3981020.0
42 沧州 93.9822 368289.0
43 泰州 66.4256 304500.0
44 济南 98.2787 1917200.0
45 海口 11.5557 513720.0
46 淮安 75.5548 725381.0
47 深圳 17.0623 1058530.0
48 温州 29.6358 563379.0
49 湖州 45.4675 343879.0
50 湘潭 39.6224 550631.0
51 珠海 10.724 418087.0
52 盐城 48.8032 404326.0
53 石家庄 111.7311 1632270.0
54 福州 25.4292 1172220.0
55 秦皇岛 50.1603 521091.0
56 绍兴 41.8183 311013.0
57 肇庆 28.2155 323228.0
58 舟山 16.7061 350000.0
59 苏州 52.7302 1170620.0
60 衡水 103.7435 490606.0
61 衢州 42.5913 406300.0
62 西宁 48.4648 639315.0
63 西安 44.2217 2588990.0
64 贵阳 30.0027 1341240.0
65 连云港 62.3393 521412.0
66 邢台 120.7462 463237.0
67 邯郸 112.1434 1069150.0
68 郑州 93.5218 1688680.0
69 重庆 40.9421 3934240.0
70 金华 40.5485 363930.0
71 银川 27.016 516567.0
72 镇江 57.4711 526423.0
73 长春 36.0944 2223170.0
74 长沙 38.9332 1489260.0
75 青岛 46.0285 1867360.0
pm2.5_Avg与urban_population的相关系数为0.13956674973981434	
0 上海 49.4969 1563.0
1 东莞 20.1077 590.0
2 中山 19.0214 88.5
3 丽水 25.4702 27.0
4 乌鲁木齐 47.8014 251.0
5 佛山 22.8762 373.0
6 保定 99.6999 110.0
7 兰州 50.1211 137.0
8 北京 89.6803 1268.0
9 南京 56.9911 502.0
10 南宁 26.1647 143.0
11 南昌 45.5138 222.0
12 南通 56.992 118.0
13 厦门 23.6723 245.0
14 台州 35.2199 60.7
15 合肥 70.8905 263.0
16 呼和浩特 58.1603 176.0
17 哈尔滨 37.4657 234.0
18 唐山 103.4817 140.0
19 嘉兴 46.138 95.8
20 大连 37.8433 318.0
21 天津 90.984 605.0
22 太原 60.9466 205.0
23 宁波 34.7854 395.0
24 宿迁 80.6919 33.0
25 常州 52.4773 307.0
26 广州 27.6385 700.0
27 廊坊 97.87 61.3
28 张家口 41.9599 77.0
29 徐州 79.9314 108.0
30 惠州 16.8976 63.0
31 成都 51.1941 406.0
32 扬州 55.9136 85.1
33 承德 50.5022 11.21
34 拉萨 23.5191 40.0
35 无锡 55.5663 372.0
36 昆明 24.2378 269.0
37 杭州 44.2164 551.0
38 株洲 36.976 66.6
39 武汉 47.4924 408.0
40 江门 21.195 83.8
41 沈阳 49.1398 399.0
42 沧州 93.9822 51.62
43 泰州 66.4256 48.0
44 济南 98.2787 310.0
45 海口 11.5557 77.8
46 淮安 75.5548 61.6
47 深圳 17.0623 661.0
48 温州 29.6358 155.0
49 湖州 45.4675 64.0
50 湘潭 39.6224 59.5
51 珠海 10.724 106.0
52 盐城 48.8032 64.0
53 石家庄 111.7311 265.0
54 福州 25.4292 177.0
55 秦皇岛 50.1603 80.8
56 绍兴 41.8183 89.4
57 肇庆 28.2155 25.0
58 舟山 16.7061 59.15
59 苏州 52.7302 411.0
60 衡水 103.7435 35.29
61 衢州 42.5913 44.7
62 西宁 48.4648 71.6
63 西安 44.2217 359.0
64 贵阳 30.0027 105.0
65 连云港 62.3393 77.0
66 邢台 120.7462 71.36
67 邯郸 112.1434 71.7
68 郑州 93.5218 294.0
69 重庆 40.9421 278.0
70 金华 40.5485 80.4
71 银川 27.016 111.0
72 镇江 57.4711 86.0
73 长春 36.0944 222.0
74 长沙 38.9332 190.0
75 青岛 46.0285 337.0
pm2.5_Avg与urban_area的相关系数为0.017221209913834475	
0 上海 49.4969 6075.3
1 东莞 20.1077 684.234
2 中山 19.0214 4823.4
3 丽水 25.4702 13703.7
4 乌鲁木齐 47.8014 5414.3
5 佛山 22.8762 1151.29
6 保定 99.6999 5777.15
7 兰州 50.1211 11148.8
8 北京 89.6803 5754.7
9 南京 56.9911 5621.75
10 南宁 26.1647 7104.96
11 南昌 45.5138 6245.27
12 南通 56.992 4566.98
13 厦门 23.6723 1621.64
14 台州 35.2199 7413.51
15 合肥 70.8905 4209.66
16 呼和浩特 58.1603 4644.69
17 哈尔滨 37.4657 11419.1
18 唐山 103.4817 9137.36
19 嘉兴 46.138 8293.32
20 大连 37.8433 6660.66
21 天津 90.984 8373.77
22 太原 60.9466 9294.63
23 宁波 34.7854 2042.76
24 宿迁 80.6919 9027.27
25 常州 52.4773 2694.24
26 广州 27.6385 5935.44
27 廊坊 97.87 13113.3
28 张家口 41.9599 8845.57
29 徐州 79.9314 10375.3
30 惠州 16.8976 4961.76
31 成都 51.1941 5766.5
32 扬州 55.9136 6241.86
33 承德 50.5022 28412.1
34 拉萨 23.5191 4750.0
35 无锡 55.5663 3347.12
36 昆明 24.2378 5760.56
37 杭州 44.2164 3507.46
38 株洲 36.976 8524.7
39 武汉 47.4924 11002.2
40 江门 21.195 4122.34
41 沈阳 49.1398 9977.49
42 沧州 93.9822 7134.62
43 泰州 66.4256 6343.75
44 济南 98.2787 6184.52
45 海口 11.5557 6603.08
46 淮安 75.5548 11775.7
47 深圳 17.0623 1601.41
48 温州 29.6358 3634.7
49 湖州 45.4675 5373.11
50 湘潭 39.6224 9254.3
51 珠海 10.724 3944.22
52 盐城 48.8032 6317.59
53 石家庄 111.7311 6159.51
54 福州 25.4292 6622.71
55 秦皇岛 50.1603 6449.15
56 绍兴 41.8183 3478.89
57 肇庆 28.2155 12929.1
58 舟山 16.7061 5917.16
59 苏州 52.7302 2848.22
60 衡水 103.7435 13902.1
61 衢州 42.5913 9089.49
62 西宁 48.4648 8928.98
63 西安 44.2217 7211.67
64 贵阳 30.0027 12773.7
65 连云港 62.3393 6771.58
66 邢台 120.7462 6491.55
67 邯郸 112.1434 14911.4
68 郑州 93.5218 5743.81
69 重庆 40.9421 14151.9
70 金华 40.5485 4526.49
71 银川 27.016 4653.76
72 镇江 57.4711 6121.2
73 长春 36.0944 10014.3
74 长沙 38.9332 7838.21
75 青岛 46.0285 5541.13
pm2.5_Avg与urban_density的相关系数为0.24003991210150566	
0 上海 49.4969 297.0
1 东莞 20.1077 62.729
2 中山 19.0214 36.63
3 丽水 25.4702 12.359
4 乌鲁木齐 47.8014 19.773
5 佛山 22.8762 101.881
6 保定 99.6999 30.3
7 兰州 50.1211 16.255
8 北京 89.6803 247.7
9 南京 56.9911 115.8
10 南宁 26.1647 26.594
11 南昌 45.5138 32.604
12 南通 56.992 51.195
13 厦门 23.6723 39.261
14 台州 35.2199 47.079
15 合肥 70.8905 59.24
16 呼和浩特 58.1603 21.44
17 哈尔滨 37.4657 69.12
18 唐山 103.4817 88.66
19 嘉兴 46.138 46.4
20 大连 37.8433 76.2
21 天津 90.984 177.6
22 太原 60.9466 28.96
23 宁波 34.7854 103.4
24 宿迁 80.6919 24.708
25 常州 52.4773 55.43
26 广州 27.6385 192.3
27 廊坊 97.87 19.96
28 张家口 41.9599 15.7
29 徐州 79.9314 57.86
30 惠州 16.8976 38.22
31 成都 51.1941 82.119
32 扬州 55.9136 47.78
33 承德 50.5022 4.89
34 拉萨 23.5191 2.914
35 无锡 55.5663 112.08
36 昆明 24.2378 49.028
37 杭州 44.2164 123.627
38 株洲 36.976 24.213
39 武汉 47.4924 82.23
40 江门 21.195 28.343
41 沈阳 49.1398 81.64
42 沧州 93.9822 32.54
43 泰州 66.4256 44.01
44 济南 98.2787 68.221
45 海口 11.5557 9.117
46 淮安 75.5548 27.53
47 深圳 17.0623 205.15
48 温州 29.6358 52.928
49 湖州 45.4675 19.229
50 湘潭 39.6224 17.408
51 珠海 10.724 17.854
52 盐城 48.8032 45.14
53 石家庄 111.7311 73.31
54 福州 25.4292 57.825
55 秦皇岛 50.1603 13.74
56 绍兴 41.8183 51.589
57 肇庆 28.2155 16.0
58 舟山 16.7061 9.518
59 苏州 52.7302 190.2
60 衡水 103.7435 16.48
61 衢州 42.5913 13.784
62 西宁 48.4648 11.93
63 西安 44.2217 52.8
64 贵阳 30.0027 16.572
65 连云港 62.3393 26.12
66 邢台 120.7462 24.96
67 邯郸 112.1434 49.26
68 郑州 93.5218 90.36
69 重庆 40.9421 184.8
70 金华 40.5485 31.17
71 银川 27.016 18.6
72 镇江 57.4711 41.69
73 长春 36.0944 73.4
74 长沙 38.9332 101.385
75 青岛 46.0285 102.428
pm2.5_Avg与GDP的相关系数为0.07495297483726865	
0 上海 49.4969 12784.0
1 东莞 20.1077 7799.0
2 中山 19.0214 12391.1
3 丽水 25.4702 5838.0
4 乌鲁木齐 47.8014 6358.0
5 佛山 22.8762 14089.0
6 保定 99.6999 2725.0
7 兰州 50.1211 4531.0
8 北京 89.6803 12447.0
9 南京 56.9911 14296.0
10 南宁 26.1647 3890.0
11 南昌 45.5138 6465.0
12 南通 56.992 7103.0
13 厦门 23.6723 12260.0
14 台州 35.2199 7967.0
15 合肥 70.8905 7515.0
16 呼和浩特 58.1603 8310.51
17 哈尔滨 37.4657 6499.06
18 唐山 103.4817 11608.6
19 嘉兴 46.138 9174.0
20 大连 37.8433 10217.0
21 天津 90.984 13058.0
22 太原 60.9466 8275.65
23 宁波 34.7854 13541.0
24 宿迁 80.6919 5166.7
25 常州 52.4773 11995.0
26 广州 27.6385 15109.0
27 廊坊 97.87 4625.0
28 张家口 41.9599 3438.0
29 徐州 79.9314 6745.2
30 惠州 16.8976 5709.0
31 成都 51.1941 6442.0
32 扬州 55.9136 11129.5
33 承德 50.5022 2880.0
34 拉萨 23.5191 5112.0
35 无锡 55.5663 17495.5
36 昆明 24.2378 7448.09
37 杭州 44.2164 14097.0
38 株洲 36.976 6258.0
39 武汉 47.4924 8405.0
40 江门 21.195 6358.0
41 沈阳 49.1398 12878.5
42 沧州 93.9822 4608.0
43 泰州 66.4256 9526.02
44 济南 98.2787 9960.0
45 海口 11.5557 5721.0
46 淮安 75.5548 5747.0
47 深圳 17.0623 17540.0
48 温州 29.6358 5791.0
49 湖州 45.4675 6695.0
50 湘潭 39.6224 6311.0
51 珠海 10.724 11506.0
52 盐城 48.8032 6226.36
53 石家庄 111.7311 7131.29
54 福州 25.4292 8073.0
55 秦皇岛 50.1603 4606.0
56 绍兴 41.8183 10478.0
57 肇庆 28.2155 4134.0
58 舟山 16.7061 8625.0
59 苏州 52.7302 18064.0
60 衡水 103.7435 9448.2
61 衢州 42.5913 6499.0
62 西宁 48.4648 5398.0
63 西安 44.2217 4277.59
64 贵阳 30.0027 3872.0
65 连云港 62.3393 5940.96
66 邢台 120.7462 3515.0
67 邯郸 112.1434 5371.0
68 郑州 93.5218 10016.0
69 重庆 40.9421 6191.0
70 金华 40.5485 5894.0
71 银川 27.016 11698.0
72 镇江 57.4711 8915.84
73 长春 36.0944 9852.0
74 长沙 38.9332 14242.0
75 青岛 46.0285 11699.0
pm2.5_Avg与GDP_capita的相关系数为-0.12122404804088698	
