49.4969 
20.1077 
19.0214 
25.4702 
47.8014 
22.8762 
99.6999 
50.1211 
89.6803 
56.9911 
26.1647 
45.5138 
56.992 
23.6723 
35.2199 
70.8905 
58.1603 
37.4657 
103.4817 
46.138 
37.8433 
90.984 
60.9466 
34.7854 
80.6919 
52.4773 
27.6385 
97.87 
41.9599 
79.9314 
16.8976 
51.1941 
55.9136 
50.5022 
23.5191 
55.5663 
24.2378 
44.2164 
36.976 
47.4924 
21.195 
49.1398 
93.9822 
66.4256 
98.2787 
11.5557 
75.5548 
17.0623 
29.6358 
45.4675 
39.6224 
10.724 
48.8032 
111.7311 
25.4292 
50.1603 
41.8183 
28.2155 
16.7061 
52.7302 
103.7435 
42.5913 
48.4648 
44.2217 
30.0027 
62.3393 
120.7462 
112.1434 
93.5218 
40.9421 
40.5485 
27.016 
57.4711 
36.0944 
38.9332 
46.0285 