1563.0
590.0
88.5
27.0
251.0
373.0
110.0
137.0
1268.0
502.0
143.0
222.0
118.0
245.0
60.7
263.0
176.0
234.0
140.0
95.8
318.0
605.0
205.0
395.0
33.0
307.0
700.0
61.3
77.0
108.0
63.0
406.0
85.1
11.21
40.0
372.0
269.0
551.0
66.6
408.0
83.8
399.0
51.62
48.0
310.0
77.8
61.6
661.0
155.0
64.0
59.5
106.0
64.0
265.0
177.0
80.8
89.4
25.0
59.15
411.0
35.29
44.7
71.6
359.0
105.0
77.0
71.36
71.7
294.0
278.0
80.4
111.0
86.0
222.0
190.0
337.0