6075.3
684.234
4823.4
13703.7
5414.3
1151.29
5777.15
11148.8
5754.7
5621.75
7104.96
6245.27
4566.98
1621.64
7413.51
4209.66
4644.69
11419.1
9137.36
8293.32
6660.66
8373.77
9294.63
2042.76
9027.27
2694.24
5935.44
13113.3
8845.57
10375.3
4961.76
5766.5
6241.86
28412.1
4750.0
3347.12
5760.56
3507.46
8524.7
11002.2
4122.34
9977.49
7134.62
6343.75
6184.52
6603.08
11775.7
1601.41
3634.7
5373.11
9254.3
3944.22
6317.59
6159.51
6622.71
6449.15
3478.89
12929.1
5917.16
2848.22
13902.1
9089.49
8928.98
7211.67
12773.7
6771.58
6491.55
14911.4
5743.81
14151.9
4526.49
4653.76
6121.2
10014.3
7838.21
5541.13