297.0
62.729
36.63
12.359
19.773
101.881
30.3
16.255
247.7
115.8
26.594
32.604
51.195
39.261
47.079
59.24
21.44
69.12
88.66
46.4
76.2
177.6
28.96
103.4
24.708
55.43
192.3
19.96
15.7
57.86
38.22
82.119
47.78
4.89
2.914
112.08
49.028
123.627
24.213
82.23
28.343
81.64
32.54
44.01
68.221
9.117
27.53
205.15
52.928
19.229
17.408
17.854
45.14
73.31
57.825
13.74
51.589
16.0
9.518
190.2
16.48
13.784
11.93
52.8
16.572
26.12
24.96
49.26
90.36
184.8
31.17
18.6
41.69
73.4
101.385
102.428