209.0 
0.0 
1.0 
1.0 
107.0 
1.0 
622.0 
127.0 
588.0 
293.0 
12.0 
112.0 
211.0 
0.0 
56.0 
404.0 
225.0 
82.0 
670.0 
154.0 
65.0 
629.0 
363.0 
48.0 
389.0 
211.0 
2.0 
683.0 
165.0 
402.0 
1.0 
196.0 
248.0 
269.0 
10.0 
264.0 
0.0 
143.0 
96.0 
171.0 
11.0 
162.0 
605.0 
315.0 
632.0 
0.0 
363.0 
0.0 
18.0 
129.0 
88.0 
0.0 
154.0 
694.0 
0.0 
211.0 
113.0 
13.0 
12.0 
199.0 
695.0 
117.0 
137.0 
118.0 
21.0 
270.0 
792.0 
723.0 
570.0 
58.0 
102.0 
37.0 
271.0 
58.0 
86.0 
161.0