12784.0
7799.0
12391.1
5838.0
6358.0
14089.0
2725.0
4531.0
12447.0
14296.0
3890.0
6465.0
7103.0
12260.0
7967.0
7515.0
8310.51
6499.06
11608.6
9174.0
10217.0
13058.0
8275.65
13541.0
5166.7
11995.0
15109.0
4625.0
3438.0
6745.2
5709.0
6442.0
11129.5
2880.0
5112.0
17495.5
7448.09
14097.0
6258.0
8405.0
6358.0
12878.5
4608.0
9526.02
9960.0
5721.0
5747.0
17540.0
5791.0
6695.0
6311.0
11506.0
6226.36
7131.29
8073.0
4606.0
10478.0
4134.0
8625.0
18064.0
9448.2
6499.0
5398.0
4277.59
3872.0
5940.96
3515.0
5371.0
10016.0
6191.0
5894.0
11698.0
8915.84
9852.0
14242.0
11699.0