0.41
0.22
0.2
0.22
0.2
0.23
0.24
0.27
0.31
0.29
0.3
0.25
0.21
0.18
0.2
0.21
0.22
0.22
0.27
0.31
0.35
0.42
0.5
0.47
0.51
0.52
0.52
0.63
0.64
0.65
0.63
0.62
0.65
0.71
0.78
0.86
0.87
0.77
0.58
0.54
0.5
0.58
0.6
0.67
0.94
1.02
0.95
0.83
0.62
0.62
0.63
0.6
0.67
0.77
0.85
0.9
0.9
0.92
0.95
0.95
1.06
1.2
1.2
1.14
1.19
1.17
1.05
1.02
0.9
0.89
0.89
0.91
0.93
0.96
1.06
1
1.17
1.11
1.12
0.99
0.72
0.56
0.38
0.31
0.3
0.28
0.28
0.26
0.27
0.31
0.58
0.56
0.69
0.59
0.6
0.71
0.75
0.79
0.94
1.09
1.45
1.74
1.85
2.07
2.4
2.58
2.78
2.87
2.87
2.82
2.54
2.22
1.98
1.76
1.74
1.81
1.8
1.69
1.74
1.65
1.61
1.66
1.75
1.74
1.74
1.84
1.89
1.94
1.8
1.6
1.39
1.11
0.81
0.71
0.66
0.78
0.88
1.09
1.1
1.12
1.32
1.54
1.66
1.8
1.6
1.44
1.44
1.61
1.77
2.01
2.38
2.45
2.33
2.4
2.47
2.41
2.37
2.2
2.07
1.7
1.53
1.48
1.52
1.56
1.54
1.43
1.34
