21
19
26
28
34
32
34
31
26
22
19
40
14
8
32
7
11
5.5
16
20
24
23
27
29
63
55
71
76
72
67
67
39
36
36
30
23
16
14
9
8
7
17
21
26
23
30
31
34
36
41
46
60
60
64
61
57
57
54
49
45
42
41
31
33
44
45
54
54
56
57
77
67
68
69
70
71
72
77
60
54
28
12
10
15
10
15
10
11
20
26
31
31
38
46
49
51
51
50
68
72
77
70
77
75
73
74
73
69
69
69
67
64
61
65
65
64
65
68
69
73
88
79
93
88
87
88
73
64
63
54
43
33
19
19
13
15
15
33
29
50
50
60
53
56
49
49
61
70
69
69
70
71
69
68
68
70
93
91
93
82
89
82
82
88
88
82
92
