39
16
14
14
13
15
16
24
21
15
14
13
12
11
13
14
16
20
24
34
36
44
54
56
64
72
74
70
67
63
61
59
59
74
80
89
102
81
44
37
31
33
40
44
46
47
48
47
40
38
37
40
40
41
49
50
50
50
49
42
37
37
36
36
36
40
41
41
40
42
45
53
54
58
68
71
76
58
72
65
43
28
18
16
18
21
24
27
22
23
33
39
39
46
46
51
48
50
50
56
60
56
57
56
53
60
62
60
57
52
48
47
48
48
50
51
51
48
46
44
46
43
53
55
53
53
61
66
52
43
35
27
19
22
25
25
31
35
42
53
71
86
96
132
111
94
83
77
38
40
41
46
46
49
49
52
51
48
48
39
39
46
49
51
50
42
42
