53
54
47
44
44
48
48
59
65
53
59
54
51
50
47
71
63
60
59
57
63
75
81
95
58.33333333
97
104
95
87
103
98
92
86
91
67
42
27
19
17
19
28
40
37
38
43
45
46
45
49
58.95833333
59
60
60
65
66
65
60
53
47
48
52
54
46
40
40
40
40
41
41
44
56
57
58
63
52.29166667
67
61
55
46
40
41
48
51
51
53
56
59
59
60
57
60
51
42
36
33
37
36
29
22
47.91666667
19
18
18
18
17
20
22
28
33
37
35
33
34
34
36
41
49
44
44
48
59
62
57
55
50.79435484
49
45
39
36
40
50
49
48
50
55
57
62
62
60
69
69
51
48
47
51
60
63
62
54
53.16666667
39
16
14
14
13
15
16
24
21
15
14
13
12
11
13
14
16
20
24
34
36
44
54
56
22.83333333
64
72
74
70
67
63
61
59
59
74
80
89
102
81
44
37
31
33
40
44
46
47
48
47
59.66666667
40
38
37
40
40
41
49
50
50
50
49
42
37
37
36
36
36
40
41
41
40
42
45
41.60869565
53
54
58
68
71
76
58
72
65
43
28
18
16
18
21
24
27
22
23
33
39
39
46
46
42.41666667
51
48
50
50
56
60
56
57
56
53
60
62
60
57
52
48
47
48
48
50
51
51
48
46
52.70833333
44
46
43
53
55
53
53
61
66
52
43
35
27
19
22
25
25
31
35
42
53
71
86
96
47.33333333
132
111
94
83
77
38
40
41
46
46
49
49
52
51
48
48
39
39
46
49
51
50
42
42
56.79166667
44
33
31
30
36
37
31
37
37
37
41
40
42
40
40
43
45
48
54
59
59
53
50
46
42.20833333
42
45
38
38
41
38
38
41
44
47
49
52
55
57
58
60
57
59
63
65
61
58
57
56
50.79166667
53
50
52
52
52
49
44
43
45
44
47
47
48
49
51
54
57
61
63
65
63
61
61
59
52.91666667
56
53
52
43
42
41
40
54
56
59
61
62
61
61
59
61
59
59
64
62
57
56
56
55
55.375
51
49
44
40
41
44
44
41
32
28
29
31
32
32
34
37
36
37
44
49
55
51
56
49
41.08333333
46
49
44
42
43
40
34
33
41
48
57
45
38
29
27
23
23
28
36
41
45
55
61
56
41
49
53
54
52
66
59
59
52
60
57
49
51
45
47
34
25
27
34
30
37
38
41
45
28
45.5
28
35
29
30
40
35
35
41
43
33
25
22
20
20
20
19
19
21
25
27
34
35
41
41
29.91666667
33
33
35
35
45
30
42
48
45
43
42
41
42
45
40
35
32
29
34
40
57
68
63
60
42.375
62
58
59
56
54
55
61
61
65
59
53
49
42
33
27
27
29
31
41
53
61
57
56
51
50
51
55
55
60
83
78
64
64
62
66
61
61
56
57
62
58
46
42
50
58
58
70
64
63
60.16666667
64
65
56
58
61
52
49
58
60
61
70
74
75
75
73
75
73
74
65
61
63
62
55
41
63.33333333
33
29
25
22
24
29
32
37
37
34
30
24
24
24
24
22
30
32
38
46
51
59
68
71
35.20833333
74
85
85
63
93
70
61
68
56
65
57
48
34
36
35
34
37
41
49
53
60
70
54
74
58.41666667
48
38
31
31
33
40
46
48
49
47
38
29
23
26
17
20
20
18
23
25
36
48
60
34.52173913
69
74
55
71
64
68
62
55
48
59
36
55
45
38
36
40
40
50
56
57
72
67
67
55.82608696
56
53
58
59
54
55
48
46
54
58
54
44
35
23
22
22
25
30
35
42
40
37
35
34
42.45833333
31
29
27
28
32
31
34
38
47
50
47
43
35
27
26
27
30
35
40
48
44
39
39
40
36.125
50
48
37
33
33
43
37
39
43
36
33
28
21
16
15
16
16
19
20
24
32
36
39
39
31.375
35
33
34
36
32
36
40
45
43
50
42
32
28
21
18
23
22
24
32
36
29
21
23
30
31.875
25
23
19
22
22
20
20
24
26
31
33
34
33
33
36
42
48
49
54
65
55
54
51
50
36.20833333
43
42
42
39
42
40
39
42
44
41
34
31
34
34
29
29
40
42
38
38.15789474
36
36
40
40
43
50
41
47
50
52
45
34
23
19
18
20
29
27
34
40
44
56
66
68
39.91666667
83
71
52
38
35
36
40
51
53
50
49
51
51
48
45
47
50
53
56
64
63
62
44
24
50.66666667
25
30
32
31
30
23
22
26
31
35
40
42
44
44
48
50
50
52
57
62
66
70
57
67
43.08333333
60
57
57
54
54
49
51
51
56
62
66
61
49
42
54.92857143
