35
52
56
55
49
47
46
37
43
55
64
72
83
93
99
101
100
103
107
102
92
80
60
46
30
21
15
10
11
10
12
16
26
34
51
70
102
151
191
193
194
191
189
189
179
150
129
117
100
92
86
76
65
60
50
56
69
89
106
144
175
199
224
228
225
212
195
173
144
118
97
75
62
41
33
28
23
26
29
52
82
97
108
116
129
141
141
137
121
110
114
99
86
87
89
77
66
52
45
35
31
32
37
47
60
58
59
69
84
106
122
126
128
140
131
116
100
87
76
70
61
57
37
29
24
28
31
45
85
122
151
176
181
191
204
226
261
265
233
191
122
78
62
42
60
58
49
49
89
118
123
116
112
100
89
76
68
60
55
65
71
65
61
53
47
51
41
