45
42
43
43
41
40
39
26
19
37
52
69
71
99
120
142
178
199
202
202
173
136
94
66
90.75
52
42
38
47
34
27
26
30
49
72
78
95
115
132
147
134
125
113
96
83
71
58
50
40
73.08333333
27
22
19
13
11
12
12
17
30
44
69
96
129
162
193
222
245
252
237
217
176
124
74
43
101.9166667
26
23
28
41
39
35
29
26
28
34
36
40
47
50
58
62
65
64
61
50
33
41
49
61
42.75
66
64
69
54
52
49
43
38
38
39
49
60
63
67
69
68
68
76
75
67
50
37
24
22
72.73790323
20
20
15
22
13
7
5
3
4
4
6
9
16
22
19
24
31
39
54
48
29
16
10
21
19.04166667
35
52
56
55
49
47
46
37
43
55
64
72
83
93
99
101
100
103
107
102
92
80
60
46
69.875
30
21
15
10
11
10
12
16
26
34
51
70
102
151
191
193
194
191
189
189
179
150
129
117
95.04166667
100
92
86
76
65
60
50
56
69
89
106
144
175
199
224
228
225
212
195
173
144
118
97
129.6956522
75
62
41
33
28
23
26
29
52
82
97
108
116
129
141
141
137
121
110
114
99
86
87
89
84.41666667
77
66
52
45
35
31
32
37
47
60
58
59
69
84
106
122
126
128
140
131
116
100
87
76
78.5
70
61
57
37
29
24
28
31
45
85
122
151
176
181
191
204
226
261
265
233
191
122
78
62
122.0833333
42
60
58
49
49
89
118
123
116
112
100
89
76
68
60
55
65
71
65
61
53
47
51
41
71.58333333
38
45
36
32
30
35
42
41
38
33
28
28
28
30
29
26
21
15
9
6
6
8
10
11
26.04166667
14
16
15
14
19
18
14
9
5
4
4
5
5
6
7
7
7
6
4
3
2
4
4
7
8.291666667
7
8
7
2
4
3
4
3
2
2
2
3
4
4
4
5
5
5
4
3
3
3
3
2
3.833333333
3
3
3
5
4
4
4
3
5
4
4
4
4
4
4
5
5
5
4
3
3
3
4
3
3.875
3
3
3
7
4
5
5
11
27
33
36
38
41
42
43
39
40
37
29
22
12
9
9
9
21.125
6
3
3
3
3
3
3
2
4
9
28
61
84
97
105
104
101
98
100
90
74
54
39
28
45.91666667
22
17
14
10
6
7
5
9
13
33
65
96
122
146
170
173
134
124
110
86
82
68
73
70
68.95833333
61
50
49
45
35
29
23
22
37
63
93
116
139
156
175
194
208
212
210
206
183
153
124
120
112.625
122
110
79
77
54
52
45
45
59
78
96
118
147
181
236
253
257
236
230
222
178
124
126
112
134.875
95
85
83
76
74
72
63
57
62
84
114
154
213
248
260
256
256
267
261
230
192
170
167
140
153.2916667
112
91
71
38
28
23
25
23
33
42
63
90
122
152
192
239
271
274
267
242
217
187
167
157
130.25
134
118
104
99
73
67
68
61
54
53
41
35
31
32
31
30
26
26
35
33
26
28
31
38
53.08333333
43
52
47
47
42
40
39
39
42
56
72
88
97
99
140
156
171
175
162
153
132
96
69
57
88.08333333
45
35
25
21
18
15
20
21
45
69
99
127
135
155
159
163
165
169
166
145
125
103
88
71
91
75
77
83
72
53
41
34
39
57
77
94
115
125
146
145
150
161
174
192
205
176
144
96
110.0434783
59
43
39
41
32
29
29
31
38
36
59
81
95
93
104
120
129
110
89
68
58
44
35
63.56521739
29
20
12
10
9
9
10
14
21
43
70
93
118
151
142
150
148
129
116
91
77
78
75
73
70.33333333
76
79
70
70
52
51
44
28
17
14
19
24
36
44
45
45
41
40
35
27
29
32
24
18
40
10
16
24
20
19
10
14
16
31
48
67
91
117
143
172
193
212
227
222
201
161
139
117
109
99.125
103
88
74
69
59
50
39
41
53
62
89
123
160
183
199
206
203
203
199
184
136
105
93
76
116.5416667
70
67
51
44
48
55
59
51
52
51
51
49
54
59
60
61
58
46
26
18
25
20
16
14
46.04166667
16
13
10
11
7
5
4
6
11
24
58
94
130
177
236
251
141
130
107
75.31578947
91
78
62
56
44
41
43
36
39
57
97
124
141
161
184
203
220
228
226
193
160
113
85
62
114.3333333
43
47
53
57
63
50
41
29
29
35
40
42
50
72
100
99
106
113
101
84
69
56
91
119
66.20833333
107
85
69
69
59
57
59
56
56
58
53
48
41
41
40
41
50
51
49
42
29
18
13
7
49.91666667
9
7
4
6
6
5
3
5
4
7
12
44
74
90
19.71428571
