1008
1008
1009
1009
1010
1010
1010
1011
1011
1011
1011
1010
1009
1008
996.71
1007
998
1006
998
999
999
1008
1008
1008
1008
1008
1008
1008
1009
1009
1009
1001
1001
1009
1008
1007
1006
1005
1004
1003
1003
994
994
994
1003
995
995
995
995
995
995
1003
995
1004
996
995
1004
995
995
1003
1002
992
1000
1000
992
1000
1001
1002
994
1002
1003
995
995
995
996
996
997
1006
1007
1003
1003
1007
1007
998
1006
997
1005
1005
998
1003
1007
1007
1007
1008
1008
1000
999
999
1007
1007
1006
999
1006
998
1007
998
997
1004
995
1003
994
994
1002
1001
994
1002
1000
995
996
1003
1003
995
1003
1003
1000
1004
1005
1005
997
998
997
996
1000
995
1004
1004
1004
996
1005
1005
1006
1007
1007
1007
1008
1008
1004
1001
1002
1003
1007
1004
1005
1013
1013
1006
1013
1004
1012
1013
999.08
1010
1012
1012
1013
1013
1004
