85
70
63
58
52
50
96
102
113
100
76
82
91
113
141
178
183
191
191
201
197
218
219
215
128.5416667
198
243
231
235
242
241
241
261
249
141
85
49
80
80
83
160
157
71
43
47
47
37
38
40
137.4583333
57
70
66
78
73
81
74
70
58
62
62
80
94
126
134
141
166
157
151
147
165
211
162
134
109.125
112
114
106
101
105
111
131
141
131
124
126
132
144
153
157
168
143
137
138
96
80
58
46
34
116.1666667
23
32
34
36
35
40
43
35
48
44
37
51
63
69
75
79
82
83
85
82
90
109
132
109
111.2765457
108
92
77
75
92
86
91
92
87
109
108
101
69
69
81
92
80
88
85
70
92
115
96
133
91.16666667
192
110
76
46
27
19
22
32
23
16
15
14
10
19
23
31
29
37
42
82
95
105
104
82
52.125
88
99
84
93
96
76
77
88
103
119
112
119
148
140
98
98
99
124
155
188
200
153
142
130
117.875
115
116
123
128
129
140
147
151
153
156
165
176
174
159
164
161
191
185
190
193
176
154
154
156.5217391
149
154
164
161
161
181
167
175
168
149
12
44
19
36
39
50
59
49
108
81
83
92
114
129
106
104
109
100
90
111
172
216
205
221
259
264
279
279
289
285
285
258
246
196
174
178
168
133
139
198.3333333
138
154
147
166
181
157
169
180
214
189
167
65
143
26
61
90
99
194
145
108
148
169
175
185
144.5833333
169
180
171
191
215
247
232
215
201
174
169
165
173
153
160
159
85
97
78
82
95
108
90
101
154.5833333
75
27
40
35
29
24
54
69
83
110
104
93
124
155
167
168
163
157
174
196
222
197
178
154
116.5833333
163
163
148
157
165
155
139
104
60
55
48
84
100
122
142
126
126
129
159
181
174
157
142
136
130.625
133
131
137
142
135
134
118
116
128
122
110
98
103
106
118
116
138
140
152
153
140
144
135
134
128.4583333
133
131
124
100
86
48
86
102
124
142
175
198
229
245
226
219
218
233
256
250
214
203
193
196
172.125
166
153
157
123
125
114
97
43
58
8
11
13
15
7
8
8
8
8
10
16
21
23
24
16
51.33333333
20
21
20
20
17
16
17
20
31
29
23
24
25
23
18
14
13
18
68
58
59
62
60
50
30.25
59
59
61
55
63
74
78
82
97
92
87
95
89
110
111
104
97
77
86
25
38
54
65
51
75.375
26
27
20
28
32
42
53
55
60
57
53
64
73
74
68
79
87
102
110
105
119
127
123
112
70.66666667
100
101
95
92
97
90
93
112
133
136
141
158
170
197
199
168
141
98
132
141
175
168
146
142
134.375
156
121
123
130
130
137
153
170
155
183
189
196
204
182
166
152
165
183
174
169
169
184
175
142
162.8333333
131
116
129
132
128
124
112
122
130
139
146
169
179
191
206
220
211
204
215
228
249
274
204
189
172.8333333
179
166
172
156
156
159
165
170
183
193
195
206
203
208
162
177
191
178
210
218
200
199
205
209
185.8333333
237
210
94
14
99
56
42
39
37
24
33
7
21
28
22
28
38
36
52
81
90
85
87
87
64.45833333
75
66
67
75
75
78
73
77
70
73
72
64
47
49
50
61
63
77
76
75
93
101
107
147
75.45833333
116
107
95
72
68
83
100
113
131
97
63
36
19
24
15
24
14
39
73
110
93
88
106
73.30434783
112
98
99
98
113
140
116
87
67
84
65
69
59
52
61
84
112
126
86
112
192
213
124
103
107
89
95
102
113
89
81
86
94
108
92
73
72
53
59
87
93
114
93
76
63
76
58
59
84.66666667
62
58
56
50
60
81
107
97
85
77
66
56
71
45
54
52
50
44
49
56
68
69
40
35
62
65
36
45
24
31
58
43
50
35
49
33
47
38
25
28
49
68
69
62
77
59
86
92
98
52.79166667
93
75
158
51
56
69
97
125
208
224
198
157
144
183
159
195
218
194
168
198
129
6
36
30
132.125
24
21
28
53
37
21
20
43
51
84
85
144
146
163
137
173
171
184
199
157
100
49
6
34
88.75
131
78
58
64
70
41
60
48
96
154
185
174
187
194
217
194
137
155
175
127.2631579
140
73
63
14
36
51
54
95
136
190
109
101
93
46
61
59
79
73
108
139
114
135
144
132
93.54166667
158
250
223
195
139
216
248
134
158
194
234
261
332
338
333
398
475
453
458
505
383
391
230
100
283.5833333
6
6
6
6
6
6
36
15
42
54
66
92
136
141
155
195
187
195
196
174
175
177
180
175
101.125
174
162
148
146
170
180
150
170
213
242
310
286
274
281
207.5714286
