192
110
76
46
27
19
22
32
23
16
15
14
10
19
23
31
29
37
42
82
95
105
104
82
88
99
84
93
96
76
77
88
103
119
112
119
148
140
98
98
99
124
155
188
200
153
142
130
115
116
123
128
129
140
147
151
153
156
165
176
174
159
164
161
191
185
190
193
176
154
154
149
154
164
161
161
181
167
175
168
149
12
44
19
36
39
50
59
49
108
81
83
92
114
129
104
109
100
90
111
172
216
205
221
259
264
279
279
289
285
285
258
246
196
174
178
168
133
139
138
154
147
166
181
157
169
180
214
189
167
65
143
26
61
90
99
194
145
108
148
169
175
185
169
180
171
191
215
247
232
215
201
174
169
165
173
153
160
159
85
97
78
82
95
108
90
101
