36
34
34
32
28
27
41
35
40
41
41
43
51
68
57
88
106
110
101
106
104
114
117
119
65.54166667
129
142
159
166
165
162
170
183
178
122
68
51
42
44
46
58
102
68
43
39
35
29
25
20
93.58333333
27
32
34
36
39
38
37
33
29
33
44
51
56
64
80
93
99
96
89
87
84
80
79
79
59.125
79
87
91
91
99
100
113
108
103
102
102
103
108
117
131
137
133
117
104
81
72
62
57
46
97.625
39
42
42
42
47
51
50
51
47
48
48
49
58
61
64
63
72
67
72
75
75
84
90
87
75.16834677
80
79
74
75
84
82
81
84
88
98
99
76
57
52
67
70
66
62
56
49
62
77
77
71
73.58333333
58
34
12
7
6
5
5
8
7
8
6
10
10
11
9
10
11
10
14
15
21
31
35
35
15.75
31
37
39
37
40
40
38
37
40
46
53
61
79
86
61
57
53
48
51
64
68
67
68
63
52.66666667
54
50
50
54
61
73
83
89
93
103
107
114
116
119
119
114
118
120
116
124
120
120
123
97.39130435
126
125
131
132
128
134
122
124
119
88
48
32
25
18
18
26
24
16
18
35
35
56
44
49
69.70833333
59
63
66
66
68
90
128
148
180
209
220
242
246
248
250
238
212
180
168
156
152
151
153
146
159.9583333
145
159
160
166
170
158
164
171
184
180
165
144
103
64
52
53
57
81
100
84
101
110
118
121
125.4166667
131
132
126
125
145
177
179
181
181
168
161
155
150
119
116
98
92
90
85
85
86
96
88
84
127.0833333
83
81
73
70
70
72
74
83
83
96
104
113
127
149
163
166
169
161
168
181
191
180
166
168
124.625
165
159
155
151
163
159
141
120
102
90
90
92
92
104
110
108
122
122
145
150
144
134
132
139
128.7083333
146
146
144
150
144
137
129
121
119
107
106
89
104
114
123
123
126
135
142
139
127
126
125
121
126.7916667
126
121
122
121
115
114
108
115
129
134
160
190
199
218
207
202
186
174
184
184
160
159
152
149
155.375
133
127
127
114
113
98
96
67
29
12
10
9
8
7
4
6
6
7
9
7
12
14
14
9
43.25
12
22
16
14
16
15
11
14
23
24
24
22
23
22
21
15
10
12
18
24
28
36
33
31
20.25
30
30
32
38
40
42
52
53
58
62
63
74
60
83
69
81
79
63
40
26
20
40
43
28
50.25
17
18
17
16
24
28
40
43
51
45
41
56
53
55
62
76
67
86
89
84
97
101
99
101
56.91666667
84
77
84
84
97
88
89
100
99
116
117
111
119
119
135
132
109
88
90
97
107
121
112
94
102.875
91
90
84
83
83
90
93
99
104
111
123
138
155
140
127
113
118
132
140
112
125
124
112
108
112.2916667
94
83
82
83
84
80
73
75
83
91
97
111
127
137
149
155
157
149
154
164
182
211
183
154
123.25
152
144
136
133
133
129
135
141
148
156
160
168
172
177
170
179
182
178
194
196
196
196
193
191
164.9583333
171
127
69
49
43
38
40
27
16
15
13
11
13
16
18
18
22
25
28
37
46
50
54
54
41.66666667
50
52
49
44
38
42
44
49
48
41
48
42
31
34
31
35
32
34
36
34
36
44
50
51
41.45833333
62
69
57
53
57
64
69
81
93
77
39
26
16
16
7
14
12
18
22
32
39
43
50
44.17391304
49
55
49
47
69
72
66
49
34
35
31
35
32
32
32
45
54
46
44
74
98
120
97
55
60
51
50
57
71
57
42
44
41
50
53
43
36
31
29
36
49
53
58
54
44
29
24
26
45.33333333
34
35
34
35
42
48
72
85
84
68
59
50
44
39
35
32
34
40
41
39
40
40
42
39
46.29166667
47
48
49
56
60
61
59
60
64
49
41
38
32
30
33
34
38
47
41
43
44
52
54
64
47.66666667
66
58
37
36
40
49
57
77
154
191
171
166
158
148
145
152
127
133
127
144
99
41
27
29
101.3333333
31
43
44
50
57
58
61
64
81
90
102
132
148
141
146
154
156
158
173
163
147
141
137
126
108.4583333
132
147
146
134
135
122
125
140
153
165
181
186
189
198
200
176
113
120
153
153.4210526
147
141
121
110
93
83
71
75
105
148
169
120
54
42
36
39
46
48
57
74
71
79
87
92
87.83333333
85
123
196
220
240
255
265
265
271
272
267
272
282
281
281
342
405
446
453
464
461
433
265
29
286.375
23
25
29
43
49
50
51
54
54
62
70
87
104
120
128
143
150
148
146
142
146
150
158
164
95.66666667
164
166
168
166
168
168
172
185
217
246
282
269
241
230
203
