58
34
12
7
6
5
5
8
7
8
6
10
10
11
9
10
11
10
14
15
21
31
35
35
31
37
39
37
40
40
38
37
40
46
53
61
79
86
61
57
53
48
51
64
68
67
68
63
54
50
50
54
61
73
83
89
93
103
107
114
116
119
119
114
118
120
116
124
120
120
123
126
125
131
132
128
134
122
124
119
88
48
32
25
18
18
26
24
16
18
35
35
56
44
49
59
63
66
66
68
90
128
148
180
209
220
242
246
248
250
238
212
180
168
156
152
151
153
146
145
159
160
166
170
158
164
171
184
180
165
144
103
64
52
53
57
81
100
84
101
110
118
121
131
132
126
125
145
177
179
181
181
168
161
155
150
119
116
98
92
90
85
85
86
96
88
84
