5
4
3
4
5
5
5
5
5
5
5
5
4
4
4
4
4
4
4
4
5
12
14
13
11
11
10
8
8
9
10
13
17
19
19
18
19
19
14
13
12
13
18
25
29
29
30
26
21
18
17
17
16
18
23
31
37
39
39
40
44
54
60
59
54
49
37
32
26
26
25
21
17
12
10
9
9
10
16
26
23
12
6
4
4
4
4
4
4
4
9
9
12
16
18
20
22
26
22
22
23
27
32
43
56
52
53
54
43
54
47
43
42
48
45
40
38
34
30
24
20
20
16
14
12
11
17
30
36
35
30
24
16
13
11
12
17
20
20
17
16
16
15
16
17
19
19
24
24
32
45
51
49
47
45
44
44
32
21
17
17
15
14
13
11
9
6
