9
9
9
8
7
8
14
12
12
11
15
20
26
37
38
57
66
63
52
46
42
39
32
29
27.54166667
26
25
23
23
21
20
21
28
39
33
22
15
11
12
13
22
45
24
16
14
12
11
9
8
20.54166667
7
8
8
8
7
7
8
10
13
15
16
21
38
49
46
52
54
48
42
38
35
26
17
16
24.54166667
16
17
19
20
24
30
42
51
49
44
39
40
39
36
38
48
48
38
27
15
8
6
5
4
29.29166667
4
4
4
4
4
4
4
4
4
5
7
10
12
13
13
12
12
10
7
6
6
5
6
6
21.88642473
5
5
6
5
4
5
5
5
5
5
5
5
6
8
6
6
7
8
7
6
5
5
4
4
5.5
5
4
3
4
5
5
5
5
5
5
5
5
4
4
4
4
4
4
4
4
5
12
14
13
5.5
11
11
10
8
8
9
10
13
17
19
19
18
19
19
14
13
12
13
18
25
29
29
30
26
16.66666667
21
18
17
17
16
18
23
31
37
39
39
40
44
54
60
59
54
49
37
32
26
26
25
34
21
17
12
10
9
9
10
16
26
23
12
6
4
4
4
4
4
4
4
9
9
12
16
18
10.95833333
20
22
26
22
22
23
27
32
43
56
52
53
54
43
54
47
43
42
48
45
40
38
34
30
38.16666667
24
20
20
16
14
12
11
17
30
36
35
30
24
16
13
11
12
17
20
20
17
16
16
15
19.25
16
17
19
19
24
24
32
45
51
49
47
45
44
44
32
21
17
17
15
14
13
11
9
6
26.29166667
6
6
5
4
4
4
4
5
5
5
5
6
7
7
7
7
6
6
7
9
10
9
10
10
6.416666667
10
10
8
9
10
10
9
9
9
10
12
13
14
14
14
13
9
8
7
7
6
6
6
6
9.541666667
6
6
7
7
10
11
12
13
15
15
10
8
9
10
11
12
12
12
11
10
9
8
8
7
9.958333333
6
6
5
5
5
4
4
8
12
15
16
15
14
11
11
9
8
9
7
7
7
6
6
5
8.375
6
5
6
6
6
7
7
7
7
5
5
4
4
3
3
3
3
3
3
3
3
3
4
4
4.583333333
3
4
4
4
3
4
4
4
4
4
5
7
8
7
5
4
4
3
4
4
4
4
4
4
4.375
4
4
4
4
5
4
5
5
6
8
10
11
8
8
7
6
4
3
3
4
3
3
3
3
5.208333333
3
3
3
3
3
4
4
6
10
14
17
18
17
17
20
23
24
24
22
19
15
11
14
17
12.95833333
18
17
14
13
12
14
18
27
41
54
59
61
57
54
50
41
33
26
24
23
19
15
16
15
30.04166667
13
14
17
19
21
25
27
29
33
39
39
38
42
41
33
26
23
23
22
18
15
19
27
30
26.375
30
30
29
24
22
17
15
19
24
32
36
41
46
49
50
56
47
40
35
30
26
27
35
41
33.375
43
36
32
28
22
22
21
21
23
26
27
27
21
17
11
12
12
13
15
17
17
16
13
11
20.95833333
10
8
6
8
6
5
5
4
6
6
6
5
5
6
5
5
6
6
5
6
6
5
5
6
5.875
7
9
11
7
6
6
5
8
9
10
10
8
7
7
7
7
8
8
8
8
7
8
9
9
7.875
18
15
10
9
7
7
8
16
17
15
11
10
18
7
7
7
7
4
5
6
7
7
6
9.739130435
7
6
7
8
11
13
13
12
9
21
9
10
21
8
10
12
18
20
22
27
32
29
22
15.08695652
15
12
13
10
9
8
7
8
10
14
16
17
14
11
8
8
7
6
6
6
5
5
5
5
9.375
5
5
5
5
5
5
5
4
4
3
3
3
3
3
3
3
3
3
3
3
3
3
3
4
3.708333333
4
7
7
6
6
5
5
7
9
7
7
8
8
7
6
6
5
6
5
5
4
4
4
4
5.916666667
4
4
4
4
4
3
4
5
7
7
8
8
9
11
9
10
10
11
11
9
5
3
3
3
6.5
3
3
3
3
3
3
3
3
3
4
4
5
8
10
11
12
14
12
9
7
6
6
6
6
6.125
5
5
4
4
4
4
4
4
4
5
5
5
5
5
5
5
5
6
6
4.736842105
6
7
5
5
4
4
5
6
9
19
24
16
7
7
6
7
7
7
8
9
10
8
8
8
8.416666667
9
10
10
9
10
10
14
19
19
18
19
20
20
20
17
13
14
15
15
13
14
16
13
4
14.20833333
3
3
3
3
3
3
3
4
4
4
5
6
6
7
8
8
9
9
9
9
8
7
7
7
5.75
7
8
6
8
9
13
13
14
12
12
11
12
10
9
10.28571429
