295.15
295.15
295.15
294.15
292.15
293.15
293.15
294.15
296.15
298.15
299.15
300.15
301.15
303.15
300.02
304.15
303.94
304
303.54
301.57
300
298.15
298.15
297.15
290.15
291.15
287.15
287.15
287.15
287.15
290.1
292.88
295.78
298.15
300.15
303.15
306.15
308.15
308.15
308.16
308.15
307.64
306.05
304.74
303.15
302.1
301.31
300
298.4
296.3
294.34
293.15
292.57
294.53
294.7
295.76
297.37
297.58
299.47
299.99
301.81
302.35
304.15
303.15
302.89
301.34
299.49
299.15
298.68
298.15
294.15
296.29
295.51
294.21
293.91
293.12
292.38
292.72
296.15
297.7
300.86
301.79
303.15
303.41
304.27
303.94
304.15
304
303.15
301.15
299.15
298.15
297.15
296.17
294.15
294.22
293.44
293.1
292.69
291.15
292.09
292.1
292.4
293.41
293.93
294.44
295.25
297.13
297.36
297.82
298.41
299.2
299.15
298.44
298.15
297.15
297.38
296.58
296.3
295.15
293.57
293.11
292.53
290.15
291.38
292.39
295.39
297.15
298.95
300.54
302.37
304.2
306.31
307.1
307.42
306.67
307.08
304.82
304.54
301.64
299.95
295.15
296.15
295.15
296.15
296.93
296.49
296.05
295.25
295.51
295.91
295.77
296.04
295.63
295.15
295.26
291.15
290.5
291.33
292.15
293.9
292.15
292.85
292.39
292.15
293.15
292.67
