6
7
6.5
5
8
8
6
6
6.5
6
8
5
4
6.5
4.18
6
3.08
7.5
3.08
3.08
2.06
4
5.5
2
1
1
2
1
1.1
1.18
1
0.51
0.51
1
2
2
3
6
6
7
9
3.6
3.08
3.6
7
3.08
4.11
2.64
1.18
1.34
1.52
2
1.52
3
1.54
1.03
3
0.51
0.51
4
4
3.6
6
6
2.57
5
4
4
1.03
4
2
0.51
1.24
0.77
0.51
1.25
0.51
1.86
3
1.9
0.75
2
2
0.51
3
0.51
3
1.5
2.06
3.03
4
4
3
2
2.51
1.16
1.16
0.51
1
1
4
0.51
4
1.03
2
0.51
2.06
4
1.03
3
2.06
1.03
3
4
2.57
4
2.3
1.03
0.51
1
1
1.41
1
3
1.75
3
2
3
1.34
0.51
0.51
0.51
2
1.03
2
3
4
1.03
3
1
1
1
2
2
2
2
2.03
2.06
2.57
0.51
1.75
1.54
1.03
2
3
2.57
5
1.54
2
5
3.27
1
3
3
2
2
0.51
