0.00000000  0.35294100 0.54500000 0.49180300 0.27000000 0.00000000 0.37257800 0.05465410 0.10000000
1.00000000  0.58823500 0.54000000 0.54098400 0.00000000 0.00000000 0.48286100 0.08283520 0.35000000
0.00000000  0.00000000 0.53500000 0.49180300 0.25000000 0.00000000 0.39344300 0.02348420 0.03333330
0.00000000  0.52941200 0.67000000 0.60655700 0.33000000 0.07092200 0.38599100 0.16310800 1.00000000
0.00000000  0.23529400 0.47500000 0.57377000 0.32000000 0.00000000 0.47839000 0.22801000 0.05000000
0.00000000  0.11764700 0.34000000 0.50819700 0.13000000 0.01773050 0.29955300 0.07643040 0.03333330
0.00000000  0.23529400 0.64500000 0.70491800 0.20000000 0.31914900 0.52310000 0.06532880 0.03333330
0.00000000  0.23529400 0.45000000 0.00000000 0.00000000 0.00000000 0.41728800 0.22715600 0.16666700
1.00000000  0.47058800 0.62000000 0.62295100 0.24000000 0.70922000 0.42772000 0.26003400 0.51666700
1.00000000  0.47058800 0.98000000 0.62295100 0.29000000 0.33096900 0.55886700 0.22502100 0.60000000
0.00000000  0.05882350 0.56500000 0.52459000 0.35000000 0.00000000 0.50074500 0.19854800 0.00000000
1.00000000  0.41176500 0.80500000 0.70491800 0.00000000 0.00000000 0.45305500 0.03714770 0.43333300
0.00000000  0.00000000 0.56500000 0.65573800 0.16000000 0.00000000 0.46199700 0.33988000 0.00000000
0.00000000  0.17647100 0.95500000 0.55737700 0.15000000 0.15366400 0.46050700 0.09436380 0.21666700
0.00000000  0.05882350 0.50500000 0.40983600 0.15000000 0.04255320 0.36065600 0.19128900 0.08333330
0.00000000  0.00000000 0.42000000 0.52459000 0.22000000 0.07801420 0.53353200 0.19940200 0.00000000
1.00000000  0.29411800 0.56000000 0.54098400 0.00000000 0.00000000 0.56333800 0.07813830 0.33333300
1.00000000  0.52941200 0.61000000 0.45901600 0.00000000 0.00000000 0.49627400 0.44235700 0.20000000
1.00000000  0.47058800 0.60000000 0.70491800 0.00000000 0.00000000 0.42324900 0.07728440 0.01666670
1.00000000  0.41176500 0.93500000 0.55737700 0.39000000 0.35933800 0.56184800 0.07514940 0.33333300
1.00000000  0.35294100 0.00000000 0.55737700 0.41000000 0.00000000 0.58122200 0.27711400 0.33333300
0.00000000  0.00000000 0.54000000 0.55737700 0.20000000 0.00000000 0.40685500 0.30273300 0.18333300
1.00000000  0.41176500 0.53000000 0.49180300 0.24000000 0.00000000 0.39493300 0.09308280 0.13333300
0.00000000  0.05882350 0.53000000 0.57377000 0.28000000 0.15957400 0.50968700 0.02732710 0.01666670
0.00000000  0.17647100 0.61000000 0.63934400 0.00000000 0.00000000 0.34277200 0.07514940 0.31666700
0.00000000  0.05882350 0.43500000 0.55737700 0.34000000 0.09101650 0.56035800 0.13791600 0.05000000
1.00000000  0.17647100 0.81500000 0.57377000 0.18000000 0.12411300 0.47093900 0.08112720 0.11666700
0.00000000  0.41176500 0.66500000 0.68852500 0.00000000 0.00000000 0.59910600 0.26387700 0.26666700
0.00000000  0.17647100 0.64000000 0.63934400 0.00000000 0.00000000 0.31445600 0.08112720 0.56666700
1.00000000  0.29411800 0.84000000 0.52459000 0.00000000 0.00000000 0.49031300 0.02433820 0.33333300
0.00000000  0.00000000 0.80500000 0.40983600 0.00000000 0.00000000 0.32637900 0.07514940 0.73333300
0.00000000  0.05882350 0.53000000 0.62295100 0.00000000 0.00000000 0.55886700 0.05081130 0.08333330
1.00000000  0.29411800 0.72000000 0.67213100 0.26000000 0.33687900 0.47690000 0.15969300 0.61666700
0.00000000  0.05882350 0.82000000 0.67213100 0.43000000 0.07919620 0.48882300 0.11229700 0.48333300
0.00000000  0.17647100 0.49500000 0.50819700 0.19000000 0.08747040 0.32488800 0.08582410 0.08333330
0.00000000  0.23529400 0.94500000 0.90163900 0.31000000 0.00000000 0.42473900 0.25704500 0.26666700
0.00000000  0.58823500 0.37500000 0.67213100 0.00000000 0.00000000 0.49627400 0.07899230 0.28333300
0.00000000  0.05882350 0.39500000 0.65573800 0.25000000 0.04373520 0.37853900 0.21562800 0.01666670
1.00000000  0.05882350 0.61000000 0.52459000 0.32000000 0.18439700 0.52310000 0.26216900 0.15000000
0.00000000  0.05882350 0.73000000 0.45901600 0.00000000 0.00000000 0.44262300 0.20751500 0.13333300
0.00000000  0.35294100 0.43500000 0.65573800 0.00000000 0.00000000 0.34575300 0.00256191 0.18333300
0.00000000  0.47058800 0.60000000 0.63934400 0.00000000 0.00000000 0.37257800 0.14133200 0.71666700
0.00000000  0.05882350 0.50000000 0.54098400 0.29000000 0.23167800 0.47690000 0.15627700 0.35000000
0.00000000  0.64705900 0.42500000 0.60655700 0.00000000 0.00000000 0.44858400 0.09479080 0.23333300
0.00000000  0.00000000 0.46500000 0.49180300 0.00000000 0.00000000 0.52608000 0.07899230 0.06666670
1.00000000  0.47058800 0.54500000 0.62295100 0.39000000 0.13475200 0.41579700 0.23996600 0.16666700
0.00000000  0.58823500 0.47000000 0.59016400 0.18000000 0.00000000 0.34426200 0.22075100 0.58333300
0.00000000  0.05882350 0.54500000 0.49180300 0.08000000 0.21513000 0.37853900 0.37105000 0.00000000
0.00000000  0.05882350 0.67500000 0.44262300 0.00000000 0.00000000 0.39791400 0.26003400 0.68333300
1.00000000  0.47058800 0.83500000 0.86885200 0.46000000 0.27305000 0.56035800 0.03714770 0.36666700
0.00000000  0.47058800 0.32500000 0.59016400 0.23000000 0.00000000 0.47690000 0.22288600 0.35000000
0.00000000  0.23529400 0.64500000 0.49180300 0.12000000 0.27305000 0.40983600 0.19171600 0.16666700
0.00000000  0.17647100 0.62000000 0.65573800 0.33000000 0.15366400 0.49478400 0.09692570 0.08333330
0.00000000  0.29411800 0.64000000 0.65573800 0.00000000 0.00000000 0.51564800 0.02818100 0.40000000
0.00000000  0.17647100 0.60000000 0.57377000 0.30000000 0.15957400 0.63934400 0.15969300 0.15000000