 126.00000000 0.30303030 0.21621622 0.40972222 0.22775801
 78.00000000 0.18181818 0.21621622 0.43750000 0.12633452
 137.00000000 0.45454545 0.59459459 0.45833333 0.25800712
 17.00000000 0.06060606 0.10810811 0.13888889 0.05160142
 46.00000000 0.09090909 0.16216216 0.18750000 0.11387900
 43.00000000 0.09090909 0.13513514 0.18750000 0.09074733
 58.00000000 0.12121212 0.16216216 0.24305556 0.13879004
 84.00000000 0.24242424 0.29729730 0.31250000 0.21530249
 99.00000000 0.27272727 0.32432432 0.36805556 0.17437722
 103.00000000 0.30303030 0.27027027 0.47222222 0.17081851
 121.00000000 0.39393939 0.29729730 0.62500000 0.24377224
 132.00000000 0.45454545 0.29729730 0.73611111 0.25444840
 160.00000000 0.72727273 0.45945946 0.40277778 0.28291815
 10.00000000 0.03030303 0.00000000 0.00694444 0.00711744
 3.00000000 0.06060606 0.00000000 0.04861111 0.03736655
 3.00000000 0.06060606 0.00000000 0.04861111 0.03736655
 3.00000000 0.06060606 0.00000000 0.04861111 0.03736655
 3.00000000 0.06060606 0.00000000 0.04861111 0.03736655
 14.00000000 0.09090909 0.00000000 0.12500000 0.04448399
 24.00000000 0.12121212 0.00000000 0.28472222 0.04804270
 27.00000000 0.12121212 0.00000000 0.28472222 0.06583630
 23.00000000 0.15151515 0.00000000 0.29166667 0.07651246
 35.00000000 0.21212121 0.02702703 0.35416667 0.11743772
 32.00000000 0.18181818 0.08108108 0.26388889 0.09608541
 27.00000000 0.15151515 0.00000000 0.31944444 0.07295374
 42.00000000 0.24242424 0.00000000 0.18055556 0.13879004
 34.00000000 0.15151515 0.08108108 0.22916667 0.09074733
 36.00000000 0.18181818 0.18918919 0.31250000 0.12099644
 44.00000000 0.21212121 0.24324324 0.33333333 0.14768683
 68.00000000 0.24242424 0.29729730 0.28472222 0.18505338
 67.00000000 0.24242424 0.40540541 0.22916667 0.13167260
 32.00000000 0.12121212 0.24324324 0.04166667 0.05160142
 23.00000000 0.09090909 0.08108108 0.06250000 0.05160142
 22.00000000 0.12121212 0.05405405 0.06944444 0.03914591
 90.00000000 0.30303030 0.59459459 0.17361111 0.17081851
 105.00000000 0.33333333 0.27027027 0.27083333 0.22241993
 126.00000000 0.51515152 0.40540541 0.25000000 0.21530249
 141.00000000 0.30303030 0.00000000 0.34027778 0.32206406
 148.00000000 0.33333333 0.00000000 0.47222222 0.31138790
 145.00000000 0.36333333 0.00000000 0.51388889 0.27580071
 149.00000000 0.33333333 0.00000000 0.54861111 0.25444840
 139.00000000 0.27272727 0.00000000 0.39583333 0.23665480
 66.00000000 0.21212121 0.00000000 0.36805556 0.14412811
 91.00000000 0.24242424 0.00000000 0.38888889 0.20462633
 141.00000000 0.30303030 0.08108108 0.25694444 0.24377224
 122.00000000 0.33333333 0.21621622 0.27083333 0.28113879
 95.00000000 0.27272727 0.13513514 0.22916667 0.16903915
 142.00000000 0.39393939 0.24324324 0.26388889 0.33985765
 133.00000000 0.36333333 0.29729730 0.48611111 0.22953737
 86.00000000 0.27272727 0.18918919 0.27777778 0.16725979
 62.00000000 0.18181818 0.32432432 0.34722222 0.20106762
 76.00000000 0.24242424 0.13513514 0.51388889 0.30782918
 81.00000000 0.24242424 0.08108108 0.66666667 0.27224199
 88.00000000 0.24242424 0.08108108 0.70833333 0.35409253
 70.00000000 0.21212121 0.08108108 0.49305556 0.20818505
 111.00000000 0.27272727 0.02702703 0.54166667 0.37722420
 140.00000000 0.30303030 0.08108108 0.50000000 0.24733096
 100.00000000 0.21212121 0.05405405 0.44444444 0.22775801
 215.00000000 0.36333333 0.02702703 0.49305556 0.59608541
 325.00000000 0.42424242 0.02702703 0.48611111 0.61743772
 280.00000000 0.75757576 0.00000000 0.50000000 0.69039146
 490.00000000 1.00000000 0.00000000 0.59722222 0.90391459
 119.00000000 0.36333333 0.00000000 0.36111111 0.20462633
 150.00000000 0.51484848 0.00000000 0.42361111 0.25622776
 159.00000000 0.51484848 0.00000000 0.36111111 0.28647687
 183.00000000 0.75757576 0.00000000 0.52083333 0.35231317
 180.00000000 0.78757576 0.00000000 0.58333333 0.37722420
 179.00000000 0.75757576 0.00000000 0.60416667 0.37188612
 179.00000000 0.75757576 0.00000000 0.56944444 0.32918149
 180.00000000 0.72727273 0.00000000 0.57638889 0.31672598
 10.00000000 0.03030303 0.05405405 0.06250000 0.03202847
 8.00000000 0.03030303 0.02702703 0.07638889 0.01601423
 8.00000000 0.03030303 0.02702703 0.07638889 0.01601423
 8.00000000 0.03030303 0.02702703 0.07638889 0.01601423
 8.00000000 0.06060606 0.05405405 0.08333333 0.02491103
 8.00000000 0.06060606 0.05405405 0.08333333 0.02491103
 8.00000000 0.06060606 0.05405405 0.08333333 0.02491103
 8.00000000 0.06060606 0.05405405 0.08333333 0.02491103
 14.00000000 0.09090909 0.08108108 0.19444444 0.05693950
 28.00000000 0.18181818 0.05405405 0.51388889 0.16014235
 46.00000000 0.15151515 0.08108108 0.49305556 0.08185053
 24.00000000 0.12121212 0.08108108 0.40972222 0.09252669
 6.00000000 0.06060606 0.05405405 0.18750000 0.02313167
 16.00000000 0.12121212 0.02702703 0.40277778 0.06761566
 17.00000000 0.12121212 0.05405405 0.40972222 0.05338078
 19.00000000 0.12121212 0.02702703 0.43750000 0.08540925
 18.00000000 0.12121212 0.02702703 0.37500000 0.04092527
 17.00000000 0.12121212 0.02702703 0.34027778 0.07829181
 20.00000000 0.15151515 0.05405405 0.37500000 0.12099644
 18.00000000 0.12121212 0.05405405 0.33333333 0.07651246
 30.00000000 0.21212121 0.08108108 0.34722222 0.12989324
 47.00000000 0.18181818 0.13513514 0.43055556 0.16903915
 50.00000000 0.21212121 0.13513514 0.53472222 0.16014235
 52.00000000 0.18181818 0.21621622 0.35416667 0.16903915
 57.00000000 0.18181818 0.32432432 0.25000000 0.14056940
 30.00000000 0.12121212 0.16216216 0.13194444 0.10142349
 38.00000000 0.12121212 0.13513514 0.17361111 0.10498221
 34.00000000 0.21212121 0.13513514 0.17361111 0.08718861
 41.00000000 0.27272727 0.13513514 0.24305556 0.18149466
 41.00000000 0.27272727 0.13513514 0.24305556 0.18149466
 50.00000000 0.33333333 0.16216216 0.36111111 0.24377224
 71.00000000 0.33333333 0.24324324 0.32638889 0.23309609
 91.00000000 0.36363636 0.10810811 0.43055556 0.24733096
 94.00000000 0.33333333 0.08108108 0.44444444 0.20284698
 112.00000000 0.45454545 0.08108108 0.31944444 0.28647687
 132.00000000 0.48484848 0.08108108 0.29861111 0.24199288
 145.00000000 0.54545455 0.08108108 0.43055556 0.25622776
 164.00000000 0.51515152 0.10810811 0.38888889 0.32384342
 179.00000000 0.51515152 0.08108108 0.36805556 0.30782918
 186.00000000 0.57575758 0.08108108 0.47916667 0.32918149
 199.00000000 0.54545455 0.05405405 0.44444444 0.36298932
 76.00000000 0.21212121 0.13513514 0.29166667 0.17615658
 99.00000000 0.21212121 0.10810811 0.37500000 0.17615658
 150.00000000 0.30303030 0.00000000 0.23611111 0.26690391
 86.00000000 0.21212121 0.00000000 0.17361111 0.14234875
 98.00000000 0.24242424 0.00000000 0.20833333 0.17971530
 114.00000000 0.24242424 0.00000000 0.20833333 0.22597865
 121.00000000 0.27272727 0.00000000 0.30555556 0.22597865
 130.00000000 0.30303030 0.00000000 0.40972222 0.26690391
 136.00000000 0.33333333 0.00000000 0.43055556 0.26690391
 139.00000000 0.33333333 0.00000000 0.54166667 0.30427046
 110.00000000 0.21212121 0.13513514 0.42361111 0.26868327
 135.00000000 0.27272727 0.18918919 0.41666667 0.28113879
 204.00000000 0.33333333 0.21621622 0.35416667 0.39679715
 158.00000000 0.27272727 0.21621622 0.56250000 0.27046263
 191.00000000 0.45454545 0.48648649 0.61111111 0.35587189
 229.00000000 0.69696970 1.00000000 0.61111111 0.44839858
 24.00000000 0.00000000 0.10810811 0.13888889 0.04448399
 37.00000000 0.00000000 0.08108108 0.13888889 0.11209964
 43.00000000 0.03030303 0.10810811 0.13888889 0.10854093
 51.00000000 0.09090909 0.13513514 0.20138889 0.22953737
 85.00000000 0.15151515 0.21621622 0.21527778 0.25266904
 81.00000000 0.18181818 0.18918919 0.27083333 0.23309609
 95.00000000 0.21212121 0.08108108 0.35416667 0.21352313
 106.00000000 0.27272727 0.10810811 0.52777778 0.19928826
 111.00000000 0.30303030 0.08108108 0.65972222 0.21886121
 115.00000000 0.36333333 0.16216216 0.91666667 0.27046263
 173.00000000 0.45454545 0.24324324 0.95138889 0.60854093
 281.00000000 0.42424242 0.56756757 0.39583333 0.57473310
 399.00000000 0.69696970 0.24324324 0.26388889 0.80249110
 498.00000000 0.81787879 0.29729730 0.30555556 1.00000000
 510.00000000 0.81787879 0.45945946 0.34722222 0.96619217
 487.00000000 0.81787879 0.43243243 0.36805556 0.85943060
 501.00000000 0.87878788 0.45945946 0.52083333 0.89857651
 100.00000000 0.36333333 0.05405405 0.43750000 0.19395018
 127.00000000 0.54545455 0.08108108 0.44444444 0.25266904
 134.00000000 0.57575758 0.08108108 0.39583333 0.26868327
 138.00000000 0.66636364 0.10810811 0.45138889 0.27580071
 159.00000000 0.72727273 0.13513514 0.54861111 0.33096085
 166.00000000 0.69696970 0.18918919 0.54166667 0.36120996
 168.00000000 0.66636364 0.29729730 0.53472222 0.31494662
 159.00000000 0.66636364 0.32432432 0.59027778 0.30604982
 146.00000000 0.60606061 0.29729730 0.63888889 0.26334520
 153.00000000 0.60606061 0.24324324 0.69444444 0.27758007
 173.00000000 0.69696970 0.16216216 0.61805556 0.30249110
 208.00000000 0.93909091 0.45945946 0.39583333 0.35765125
 257.00000000 0.90909091 0.29729730 0.41666667 0.48932384
 282.00000000 0.90909091 0.29729730 0.44444444 0.51067616
 316.00000000 0.81787879 0.24324324 0.45138889 0.56939502
 3.00000000 0.03030303 0.00000000 0.18750000 0.02669039
 17.00000000 0.06060606 0.00000000 0.21527778 0.04626335
 17.00000000 0.06060606 0.00000000 0.21527778 0.04626335
 17.00000000 0.06060606 0.00000000 0.21527778 0.04626335
 12.00000000 0.06060606 0.00000000 0.22916667 0.06405694
 12.00000000 0.06060606 0.00000000 0.22916667 0.06405694
 12.00000000 0.06060606 0.00000000 0.22916667 0.06405694
 12.00000000 0.06060606 0.00000000 0.22916667 0.06405694
 8.00000000 0.06060606 0.00000000 0.22916667 0.06227758
 12.00000000 0.09090909 0.00000000 0.27083333 0.09074733
 24.00000000 0.12121212 0.00000000 0.32638889 0.14234875
 34.00000000 0.15151515 0.00000000 0.34027778 0.15480427
 28.00000000 0.18181818 0.00000000 0.44444444 0.12277580
 33.00000000 0.12121212 0.00000000 0.35416667 0.11743772
 42.00000000 0.15151515 0.00000000 0.50694444 0.17793594
 36.00000000 0.15151515 0.00000000 0.54861111 0.14590747
 37.00000000 0.18181818 0.00000000 0.52083333 0.16014235
 34.00000000 0.21212121 0.00000000 0.36111111 0.13167260
 33.00000000 0.24242424 0.00000000 0.25694444 0.15302491
 34.00000000 0.24242424 0.05405405 0.37500000 0.14768683
 59.00000000 0.60606061 0.18918919 0.63888889 0.20462633
 62.00000000 0.48484848 0.24324324 0.61805556 0.20462633
 70.00000000 0.21212121 0.40540541 0.42361111 0.19217082
 37.00000000 0.09090909 0.24324324 0.03472222 0.11921708
 33.00000000 0.12121212 0.18918919 0.02083333 0.08362989
 30.00000000 0.15151515 0.13513514 0.02777778 0.06939502
 24.00000000 0.18181818 0.10810811 0.02083333 0.09964413
 24.00000000 0.15151515 0.13513514 0.04861111 0.08540925
 26.00000000 0.24242424 0.18918919 0.06944444 0.09430605
 37.00000000 0.24242424 0.18918919 0.15972222 0.12455516
 37.00000000 0.24242424 0.18918919 0.15972222 0.12455516
 75.00000000 0.30303030 0.56756757 0.24305556 0.19750890
 49.00000000 0.27272727 0.45945946 0.24305556 0.14590747
 90.00000000 0.45454545 0.24324324 0.24305556 0.20640569
 105.00000000 0.39393939 0.16216216 0.39583333 0.23131673
 149.00000000 0.54545455 0.37837838 0.30555556 0.30427046
 123.00000000 0.69696970 0.24324324 0.25694444 0.30249110
 93.00000000 0.21212121 0.10810811 0.24305556 0.15836299
 106.00000000 0.24242424 0.05405405 0.09027778 0.19217082
 92.00000000 0.21212121 0.05405405 0.09027778 0.15302491
 89.00000000 0.21212121 0.05405405 0.10416667 0.17437722
 92.00000000 0.21212121 0.08108108 0.13888889 0.17437722
 97.00000000 0.24242424 0.02702703 0.17361111 0.18683274
 108.00000000 0.24242424 0.05405405 0.22222222 0.20106762
 110.00000000 0.24242424 0.05405405 0.22916667 0.20284698
 106.00000000 0.27272727 0.00000000 0.22916667 0.22241993
 106.00000000 0.21212121 0.02702703 0.25694444 0.19928826
 126.00000000 0.30303030 0.02702703 0.27083333 0.24911032
 167.00000000 0.39393939 0.02702703 0.26388889 0.31494662
 249.00000000 0.39393939 0.00000000 0.27083333 0.43950178
 103.00000000 0.27272727 0.02702703 0.40972222 0.19750890
 162.00000000 0.48484848 0.00000000 0.40972222 0.33274021
 208.00000000 0.72727273 0.02702703 0.43750000 0.41103203
 36.00000000 0.06060606 0.27027027 0.26388889 0.05516014
 39.00000000 0.06060606 0.27027027 0.32638889 0.10498221
 78.00000000 0.21212121 0.37837838 0.47916667 0.27935943
 81.00000000 0.24242424 0.37837838 0.47222222 0.21708185
 81.00000000 0.24242424 0.35135135 0.45138889 0.15658363
 84.00000000 0.30303030 0.27027027 0.59027778 0.22953737
 99.00000000 0.30303030 0.35135135 0.54861111 0.21886121
 88.00000000 0.36333333 0.32432432 0.68750000 0.18683274
 84.00000000 0.42424242 0.32432432 1.00000000 0.27580071
 100.00000000 0.33333333 0.24324324 0.82638889 0.39679715
 276.00000000 0.51484848 0.02702703 0.28472222 0.52846975
 418.00000000 0.75757576 0.02702703 0.29861111 0.75266904
 476.00000000 0.87878788 0.02702703 0.32638889 0.89323843
 494.00000000 0.93909091 0.02702703 0.34027778 0.86832740
 130.00000000 0.48484848 0.05405405 0.29861111 0.24377224
 142.00000000 0.57575758 0.05405405 0.31250000 0.27046263
 152.00000000 0.69696970 0.05405405 0.37500000 0.33096085
 162.00000000 0.75757576 0.05405405 0.36805556 0.39857651
 168.00000000 0.75757576 0.05405405 0.40277778 0.36476868
 161.00000000 0.78757576 0.05405405 0.40277778 0.35587189
 161.00000000 0.72727273 0.05405405 0.43055556 0.34341637
 147.00000000 0.69696970 0.05405405 0.53472222 0.26334520
 144.00000000 0.72727273 0.05405405 0.57638889 0.25444840
 149.00000000 0.72727273 0.05405405 0.54166667 0.26156584
 162.00000000 0.75757576 0.05405405 0.53472222 0.29893238
 170.00000000 0.78757576 0.05405405 0.48611111 0.32206406
 176.00000000 0.75757576 0.05405405 0.42361111 0.32206406
 256.00000000 1.00000000 0.02702703 0.38194444 0.45017794
 278.00000000 0.96939394 0.05405405 0.42361111 0.50889680
 10.00000000 0.00000000 0.00000000 0.14583333 0.03558719
 9.00000000 0.00000000 0.00000000 0.13888889 0.02313167
 9.00000000 0.00000000 0.00000000 0.13888889 0.02313167
 9.00000000 0.00000000 0.00000000 0.13888889 0.02313167
 3.00000000 0.03030303 0.00000000 0.19444444 0.06583630
 3.00000000 0.03030303 0.00000000 0.19444444 0.06583630
 3.00000000 0.03030303 0.00000000 0.19444444 0.06583630
 3.00000000 0.03030303 0.00000000 0.19444444 0.06583630
 10.00000000 0.06060606 0.02702703 0.24305556 0.05160142
 24.00000000 0.09090909 0.05405405 0.40972222 0.07829181
 22.00000000 0.09090909 0.05405405 0.34027778 0.09964413
 20.00000000 0.12121212 0.02702703 0.54861111 0.11921708
 33.00000000 0.15151515 0.02702703 0.60416667 0.11209964
 28.00000000 0.15151515 0.05405405 0.62500000 0.13167260
 29.00000000 0.12121212 0.05405405 0.57638889 0.15302491
 29.00000000 0.12121212 0.08108108 0.34722222 0.09964413
 20.00000000 0.15151515 0.08108108 0.29861111 0.08540925
 26.00000000 0.15151515 0.10810811 0.26388889 0.06761566
 24.00000000 0.15151515 0.16216216 0.27777778 0.10498221
 33.00000000 0.18181818 0.21621622 0.33333333 0.13523132
 101.00000000 0.24242424 0.13513514 0.17361111 0.17615658
 96.00000000 0.24242424 0.10810811 0.18750000 0.17259786
 104.00000000 0.27272727 0.08108108 0.20138889 0.19395018
 119.00000000 0.30303030 0.08108108 0.23611111 0.23131673
 119.00000000 0.27272727 0.08108108 0.23611111 0.21886121
 120.00000000 0.27272727 0.08108108 0.27083333 0.22241993
 123.00000000 0.45454545 0.00000000 0.13194444 0.23487544
 145.00000000 0.45454545 0.00000000 0.11805556 0.26156584
 7.00000000 0.03030303 0.00000000 0.06944444 0.11921708
 42.00000000 0.09090909 0.00000000 0.20833333 0.27580071
 58.00000000 0.12121212 0.00000000 0.06944444 0.18149466
 32.00000000 0.09090909 0.00000000 0.10416667 0.13345196
 30.00000000 0.09090909 0.00000000 0.05555556 0.06761566
 31.00000000 0.09090909 0.00000000 0.04861111 0.05693950
 33.00000000 0.09090909 0.00000000 0.04861111 0.16192171
 35.00000000 0.09090909 0.00000000 0.06250000 0.11565836
 48.00000000 0.12121212 0.00000000 0.12500000 0.08185053
 71.00000000 0.15151515 0.00000000 0.08333333 0.12455516
 78.00000000 0.18181818 0.00000000 0.08333333 0.14590747
 104.00000000 0.21212121 0.00000000 0.19444444 0.18505338
 194.00000000 0.42424242 0.05405405 0.26388889 0.41459075
 255.00000000 0.57575758 0.18918919 0.26388889 0.44483986
 366.00000000 0.84848485 0.10810811 0.27083333 0.67615658
 367.00000000 0.87878788 0.10810811 0.23611111 0.67081851
 340.00000000 0.81787879 0.05405405 0.15277778 0.60498221
 61.00000000 0.18181818 0.00000000 0.06250000 0.09608541
 109.00000000 0.42424242 0.00000000 0.11805556 0.20284698
 227.00000000 0.84848485 0.13513514 0.34027778 0.43060498
 267.00000000 0.87878788 0.08108108 0.35416667 0.47686833
 272.00000000 0.81787879 0.02702703 0.32638889 0.48398577
 3.00000000 0.00000000 0.00000000 0.00000000 0.00000000
 3.00000000 0.00000000 0.00000000 0.00000000 0.00533808
 3.00000000 0.00000000 0.00000000 0.00000000 0.00533808
 3.00000000 0.00000000 0.00000000 0.00000000 0.00533808
 3.00000000 0.00000000 0.00000000 0.00000000 0.00533808
 3.00000000 0.03030303 0.00000000 0.00000000 0.01957295
 3.00000000 0.03030303 0.00000000 0.02083333 0.02491103
 6.00000000 0.03030303 0.00000000 0.01388889 0.01067616
 3.00000000 0.03030303 0.00000000 0.00000000 0.00177936
 8.00000000 0.03030303 0.00000000 0.00000000 0.00177936
 7.00000000 0.03030303 0.00000000 0.00000000 0.00533808
 6.00000000 0.03030303 0.00000000 0.00000000 0.00533808
 6.00000000 0.03030303 0.00000000 0.01388889 0.01067616
 8.00000000 0.03030303 0.00000000 0.02083333 0.01067616
 11.00000000 0.03030303 0.00000000 0.01388889 0.01779359
 12.00000000 0.03030303 0.00000000 0.01388889 0.01779359
 8.00000000 0.03030303 0.00000000 0.02083333 0.02135231
 14.00000000 0.06060606 0.00000000 0.04861111 0.03914591
 15.00000000 0.06060606 0.00000000 0.06250000 0.04626335
 19.00000000 0.06060606 0.00000000 0.06944444 0.05338078
 17.00000000 0.09090909 0.00000000 0.12500000 0.05160142
 25.00000000 0.09090909 0.00000000 0.12500000 0.08718861
 36.00000000 0.12121212 0.00000000 0.07638889 0.11209964
 40.00000000 0.12121212 0.02702703 0.06944444 0.09074733
 53.00000000 0.15151515 0.08108108 0.10416667 0.13345196
 62.00000000 0.15151515 0.10810811 0.13888889 0.12277580
 25.00000000 0.06060606 0.00000000 0.04861111 0.03380783
 28.00000000 0.09090909 0.00000000 0.05555556 0.07473310
 35.00000000 0.09090909 0.00000000 0.06944444 0.10676157
 36.00000000 0.09090909 0.00000000 0.05555556 0.08007117
 36.00000000 0.09090909 0.00000000 0.05555556 0.08007117
 32.00000000 0.09090909 0.00000000 0.04861111 0.07117438
 34.00000000 0.12121212 0.00000000 0.06944444 0.08185053
 61.00000000 0.27272727 0.00000000 0.07638889 0.10854093
 62.00000000 0.27272727 0.00000000 0.09027778 0.10854093
 83.00000000 0.24242424 0.00000000 0.07638889 0.15658363
 98.00000000 0.24242424 0.00000000 0.05555556 0.16370107
 10.00000000 0.06060606 0.00000000 0.00694444 0.03736655
 16.00000000 0.09090909 0.00000000 0.01388889 0.02846975
 16.00000000 0.09090909 0.00000000 0.01388889 0.01779359
 17.00000000 0.09090909 0.00000000 0.01388889 0.02135231
 10.00000000 0.03030303 0.00000000 0.11805556 0.03380783
 19.00000000 0.09090909 0.00000000 0.25000000 0.14768683
 13.00000000 0.09090909 0.00000000 0.19444444 0.03024911
 12.00000000 0.06060606 0.00000000 0.09027778 0.01067616
 8.00000000 0.03030303 0.00000000 0.14583333 0.01423488
 11.00000000 0.06060606 0.00000000 0.10416667 0.01957295
 12.00000000 0.06060606 0.00000000 0.09027778 0.01067616
 15.00000000 0.06060606 0.00000000 0.10416667 0.02491103
 20.00000000 0.09090909 0.00000000 0.17361111 0.06405694
 19.00000000 0.15151515 0.02702703 0.27777778 0.08896797
 22.00000000 0.12121212 0.02702703 0.27083333 0.07473310
 30.00000000 0.09090909 0.05405405 0.17361111 0.09786477
 33.00000000 0.12121212 0.08108108 0.11111111 0.12811388
 44.00000000 0.12121212 0.10810811 0.08333333 0.11387900
 52.00000000 0.12121212 0.13513514 0.10416667 0.13167260
 60.00000000 0.18181818 0.16216216 0.15972222 0.16903915
 20.00000000 0.06060606 0.05405405 0.07638889 0.03914591
 29.00000000 0.09090909 0.08108108 0.10416667 0.08896797
 43.00000000 0.12121212 0.08108108 0.17361111 0.12455516
 41.00000000 0.12121212 0.08108108 0.22222222 0.14412811
 41.00000000 0.12121212 0.08108108 0.22222222 0.14412811
 38.00000000 0.15151515 0.02702703 0.24305556 0.08896797
 68.00000000 0.30303030 0.27027027 0.29861111 0.26690391
 69.00000000 0.24242424 0.18918919 0.16666667 0.19750890
 98.00000000 0.27272727 0.16216216 0.12500000 0.20106762
 14.00000000 0.06060606 0.00000000 0.01388889 0.03914591
 18.00000000 0.09090909 0.00000000 0.04166667 0.07473310
 24.00000000 0.12121212 0.00000000 0.11111111 0.05871886
 42.00000000 0.18181818 0.00000000 0.20833333 0.12989324
 75.00000000 0.45454545 0.00000000 0.24305556 0.12277580
 91.00000000 0.45454545 0.00000000 0.24305556 0.18505338
 162.00000000 0.54545455 0.00000000 0.26388889 0.32740214
 23.00000000 0.06060606 0.00000000 0.09722222 0.06227758
 28.00000000 0.09090909 0.00000000 0.13194444 0.05160142
 53.00000000 0.12121212 0.00000000 0.19444444 0.08896797
 56.00000000 0.15151515 0.00000000 0.19444444 0.08896797
 48.00000000 0.12121212 0.00000000 0.13194444 0.07651246
 48.00000000 0.12121212 0.00000000 0.18055556 0.08896797
 20.00000000 0.03030303 0.00000000 0.06250000 0.03736655
 32.00000000 0.09090909 0.00000000 0.09027778 0.09786477
 56.00000000 0.15151515 0.00000000 0.20833333 0.14946619
 46.00000000 0.15151515 0.00000000 0.22916667 0.14946619
 88.00000000 0.27272727 0.00000000 0.26388889 0.25978648
 122.00000000 0.63606061 0.00000000 0.22222222 0.21530249
 118.00000000 0.69696970 0.00000000 0.31250000 0.22419929
 162.00000000 0.81787879 0.00000000 0.37500000 0.28647687
