 93.00000000 0.60975610 0.98113208 0.66875000 0.50862069
 88.00000000 0.43878049 0.72641509 0.39375000 0.47126437
 85.00000000 0.31682927 0.60377358 0.25000000 0.50862069
 97.00000000 0.39024390 0.65094340 0.25625000 0.58333333
 85.00000000 0.29268293 0.46226415 0.24375000 0.38218391
 65.00000000 0.07317073 0.21698113 0.20625000 0.30747126
 38.00000000 0.00000000 0.05660377 0.54375000 0.24425287
 33.00000000 0.02439024 0.07547170 0.54375000 0.21264368
 22.00000000 0.09756098 0.06603774 0.52500000 0.23275862
 43.00000000 0.12195122 0.08490566 0.64375000 0.15229885
 29.00000000 0.12195122 0.05660377 0.60000000 0.12356322
 22.00000000 0.12195122 0.04716981 0.55625000 0.10344828
 24.00000000 0.12195122 0.06603774 0.48750000 0.06609195
 46.00000000 0.19512195 0.11320755 0.66250000 0.29310345
 64.00000000 0.21951220 0.16037736 0.65625000 0.43678161
 61.00000000 0.19512195 0.14150943 0.61250000 0.30172414
 35.00000000 0.17073171 0.10377358 0.58750000 0.29022989
 37.00000000 0.17073171 0.10377358 0.53750000 0.22126437
 34.00000000 0.14634146 0.14150943 0.46875000 0.22701149
 44.00000000 0.19512195 0.20754717 0.48125000 0.22988506
 42.00000000 0.24390244 0.29245283 0.44375000 0.18390805
 62.00000000 0.29268293 0.39622642 0.56875000 0.32758621
 71.00000000 0.36585366 0.51886792 0.56250000 0.39080460
 94.00000000 0.36585366 0.57547170 0.50625000 0.52586207
 112.00000000 0.39024390 0.66981132 0.42500000 0.56321839
 110.00000000 0.24390244 0.46226415 0.40000000 0.46551724
 102.00000000 0.14634146 0.31132075 0.43125000 0.49137931
 101.00000000 0.12195122 0.24528302 0.45000000 0.50000000
 111.00000000 0.24390244 0.27358491 0.54375000 0.53735632
 126.00000000 0.29268293 0.24528302 0.65625000 0.59770115
 130.00000000 0.29268293 0.22641509 0.63125000 0.55172414
 137.00000000 0.31682927 0.19811321 0.75625000 0.59482759
 146.00000000 0.36585366 0.16981132 0.81250000 0.53448276
 135.00000000 0.31682927 0.14150943 0.81250000 0.49137931
 195.00000000 0.68268293 0.16981132 0.70000000 0.80747126
 209.00000000 0.70731707 0.30188679 0.65625000 0.89080460
 229.00000000 0.65829268 0.41509434 0.60625000 0.91091954
 199.00000000 0.73170732 0.52830189 0.57500000 0.68678161
 52.00000000 0.17073171 0.09433962 0.21875000 0.14367816
 50.00000000 0.12195122 0.07547170 0.18750000 0.20114943
 49.00000000 0.09756098 0.06603774 0.21875000 0.20114943
 64.00000000 0.07317073 0.08490566 0.30625000 0.26149425
 109.00000000 0.36585366 0.32075472 0.46250000 0.84482759
 194.00000000 0.58536585 0.60377358 0.52500000 0.53160920
 81.00000000 0.19512195 0.12264151 0.45625000 0.21264368
 31.00000000 0.09756098 0.02830189 0.41875000 0.06034483
 33.00000000 0.09756098 0.02830189 0.51875000 0.12068966
 37.00000000 0.14634146 0.05660377 0.62500000 0.12068966
 22.00000000 0.12195122 0.04716981 0.55625000 0.13793103
 34.00000000 0.19512195 0.04716981 0.57500000 0.20402299
 28.00000000 0.29268293 0.04716981 0.54375000 0.27298851
 28.00000000 0.34146341 0.04716981 0.51250000 0.19827586
 16.00000000 0.36585366 0.06603774 0.46875000 0.15229885
 21.00000000 0.31682927 0.10377358 0.38125000 0.23850575
 22.00000000 0.29268293 0.10377358 0.29375000 0.21839080
 22.00000000 0.31682927 0.11320755 0.33125000 0.14367816
 32.00000000 0.34146341 0.16981132 0.33125000 0.06321839
 30.00000000 0.41463415 0.40566038 0.25625000 0.22988506
 56.00000000 0.63414634 0.89622642 0.30000000 0.35632184
 73.00000000 0.53634146 0.70754717 0.26875000 0.37643678
 95.00000000 0.48780488 0.62264151 0.28125000 0.41379310
 119.00000000 0.51219512 0.66981132 0.33125000 0.44540230
 115.00000000 0.43878049 0.51886792 0.38125000 0.46839080
 94.00000000 0.24390244 0.32075472 0.42500000 0.33908046
 91.00000000 0.12195122 0.24528302 0.46250000 0.30459770
 91.00000000 0.12195122 0.24528302 0.51875000 0.34195402
 99.00000000 0.17073171 0.25471698 0.60000000 0.43390805
 109.00000000 0.04878049 0.14150943 0.58125000 0.57183908
 118.00000000 0.07317073 0.10377358 0.60000000 0.34195402
 117.00000000 0.48780488 0.55660377 0.30000000 0.31321839
 106.00000000 0.56073171 0.77358491 0.35625000 0.35344828
 95.00000000 0.51219512 0.62264151 0.37500000 0.36206897
 87.00000000 0.48780488 0.49056604 0.36250000 0.33333333
 93.00000000 0.58536585 0.41509434 0.40625000 0.35057471
 95.00000000 0.60975610 0.38679245 0.36875000 0.37068966
 106.00000000 0.82926829 0.39622642 0.46250000 0.44540230
 114.00000000 1.00000000 0.47169811 0.44375000 0.47413793
 131.00000000 0.85365854 0.47169811 0.36875000 0.48563218
 155.00000000 0.85365854 0.54716981 0.33125000 0.50574713
 125.00000000 0.56073171 0.39622642 0.22500000 0.36206897
 95.00000000 0.51219512 0.23584906 0.16875000 0.29022989
 51.00000000 0.36585366 0.04716981 0.11250000 0.11781609
 44.00000000 0.41463415 0.00943396 0.14375000 0.10344828
 50.00000000 0.34146341 0.00000000 0.16875000 0.12068966
 30.00000000 0.29268293 0.00000000 0.03125000 0.06321839
 34.00000000 0.34146341 0.00000000 0.03125000 0.06609195
 36.00000000 0.36585366 0.00000000 0.05000000 0.07471264
 37.00000000 0.34146341 0.00000000 0.06875000 0.08908046
 51.00000000 0.34146341 0.00000000 0.16875000 0.13218391
 42.00000000 0.41463415 0.01886792 0.26250000 0.08333333
 51.00000000 0.43878049 0.05660377 0.21875000 0.14080460
 59.00000000 0.46341463 0.08490566 0.18125000 0.14655172
 63.00000000 0.51219512 0.17924528 0.15625000 0.18678161
 80.00000000 0.48780488 0.21698113 0.10625000 0.20402299
 86.00000000 0.48780488 0.15094340 0.18125000 0.22988506
 98.00000000 0.48780488 0.10377358 0.29375000 0.31034483
 87.00000000 0.48780488 0.09433962 0.26250000 0.25862069
 98.00000000 0.48780488 0.05660377 0.26250000 0.28160920
 90.00000000 0.48780488 0.03773585 0.29375000 0.24137931
 99.00000000 0.48780488 0.03773585 0.38125000 0.26724138
 100.00000000 0.46341463 0.02830189 0.31250000 0.29885057
 113.00000000 0.53634146 0.02830189 0.32500000 0.32471264
 64.00000000 0.24390244 0.02830189 0.27500000 0.16666667
 66.00000000 0.24390244 0.01886792 0.24375000 0.19827586
 71.00000000 0.29268293 0.01886792 0.24375000 0.19540230
 81.00000000 0.31682927 0.01886792 0.26250000 0.22988506
 93.00000000 0.34146341 0.01886792 0.30000000 0.25000000
 36.00000000 0.26829268 0.00943396 0.35625000 0.06609195
 67.00000000 0.24390244 0.02830189 0.46875000 0.25000000
 64.00000000 0.24390244 0.01886792 0.36250000 0.17816092
 45.00000000 0.19512195 0.02830189 0.22500000 0.18103448
 73.00000000 0.21951220 0.02830189 0.30625000 0.27586207
 84.00000000 0.24390244 0.01886792 0.31875000 0.28448276
 80.00000000 0.24390244 0.00943396 0.28750000 0.21551724
 146.00000000 0.51219512 0.65094340 0.71250000 0.45689655
 156.00000000 0.46341463 0.63207547 0.61250000 0.41954023
 124.00000000 0.41463415 0.67924528 0.35000000 0.42241379
 115.00000000 0.46341463 0.74528302 0.20625000 0.41379310
 111.00000000 0.34146341 0.45283019 0.13125000 0.33045977
 112.00000000 0.26829268 0.33018868 0.12500000 0.30459770
 41.00000000 0.12195122 0.16981132 0.17500000 0.20689655
 44.00000000 0.14634146 0.06603774 0.33125000 0.16666667
 37.00000000 0.14634146 0.06603774 0.36875000 0.11781609
 27.00000000 0.14634146 0.09433962 0.35000000 0.13218391
 109.00000000 0.53634146 0.70754717 0.41250000 0.53160920
 136.00000000 0.65829268 0.87735849 0.38750000 0.51724138
 132.00000000 0.65829268 0.83018868 0.30625000 0.48563218
 104.00000000 0.43878049 0.50943396 0.24375000 0.41379310
 92.00000000 0.34146341 0.35849057 0.24375000 0.41666667
 92.00000000 0.43878049 0.36792453 0.30625000 0.41091954
 101.00000000 0.51219512 0.40566038 0.41875000 0.48563218
 116.00000000 0.53634146 0.38679245 0.49375000 0.53735632
 114.00000000 0.53634146 0.37735849 0.60625000 0.55747126
 130.00000000 0.60975610 0.33962264 0.84375000 0.54022989
 237.00000000 0.60975610 0.44339623 0.71875000 0.84195402
 234.00000000 0.60975610 0.50000000 0.63125000 0.68103448
 199.00000000 0.68268293 0.55660377 0.66875000 0.55172414
 68.00000000 0.19512195 0.16037736 0.10625000 0.23563218
 83.00000000 0.56073171 0.37735849 0.22500000 0.70689655
 208.00000000 0.95121951 1.00000000 0.33125000 0.77298851
 36.00000000 0.21951220 0.14150943 0.37500000 0.07183908
 16.00000000 0.12195122 0.05660377 0.30625000 0.01149425
 27.00000000 0.17073171 0.05660377 0.43125000 0.08620690
 23.00000000 0.14634146 0.05660377 0.34375000 0.04022989
 24.00000000 0.12195122 0.06603774 0.31875000 0.04310345
 33.00000000 0.19512195 0.07547170 0.55625000 0.16954023
 46.00000000 0.24390244 0.08490566 0.54375000 0.18390805
 52.00000000 0.29268293 0.10377358 0.55625000 0.18965517
 52.00000000 0.19512195 0.13207547 0.48750000 0.21264368
 35.00000000 0.14634146 0.13207547 0.35000000 0.14080460
 23.00000000 0.09756098 0.11320755 0.23750000 0.03160920
 31.00000000 0.14634146 0.12264151 0.32500000 0.10344828
 70.00000000 0.36585366 0.55660377 0.28750000 0.19540230
 80.00000000 0.48780488 0.82075472 0.25000000 0.35632184
 112.00000000 0.43878049 0.60377358 0.18750000 0.34195402
 120.00000000 0.46341463 0.62264151 0.17500000 0.33908046
 87.00000000 0.36585366 0.36792453 0.30000000 0.40229885
 77.00000000 0.24390244 0.23584906 0.27500000 0.62643678
 65.00000000 0.19512195 0.15094340 0.35000000 0.33045977
 71.00000000 0.21951220 0.16981132 0.45000000 0.28448276
 74.00000000 0.26829268 0.21698113 0.49375000 0.25574713
 93.00000000 0.26829268 0.29245283 0.43750000 0.28160920
 92.00000000 0.26829268 0.37735849 0.25000000 0.23563218
 98.00000000 0.24390244 0.39622642 0.27500000 0.24425287
 94.00000000 0.36585366 0.50000000 0.25625000 0.26149425
 125.00000000 0.46341463 0.74528302 0.31875000 0.33045977
 124.00000000 0.48780488 0.80188679 0.36875000 0.37356322
 106.00000000 0.43878049 0.61320755 0.35625000 0.27298851
 99.00000000 0.41463415 0.57547170 0.35625000 0.27586207
 113.00000000 0.48780488 0.50943396 0.38750000 0.30459770
 106.00000000 0.51219512 0.52830189 0.36250000 0.30172414
 110.00000000 0.60975610 0.48113208 0.37500000 0.35057471
 132.00000000 0.82926829 0.47169811 0.40625000 0.38218391
 141.00000000 0.65829268 0.44339623 0.33125000 0.42241379
 130.00000000 0.56073171 0.60377358 0.26250000 0.34482759
 108.00000000 0.46341463 0.43396226 0.21250000 0.28448276
 59.00000000 0.29268293 0.12264151 0.16875000 0.15229885
 38.00000000 0.19512195 0.01886792 0.11875000 0.08045977
 48.00000000 0.21951220 0.04716981 0.25625000 0.12643678
 49.00000000 0.26829268 0.15094340 0.21875000 0.12356322
 56.00000000 0.34146341 0.17924528 0.23125000 0.15517241
 76.00000000 0.34146341 0.21698113 0.24375000 0.18390805
 68.00000000 0.34146341 0.18867925 0.25625000 0.19252874
 73.00000000 0.31682927 0.16037736 0.26875000 0.19540230
 74.00000000 0.31682927 0.14150943 0.31250000 0.22126437
 79.00000000 0.31682927 0.11320755 0.32500000 0.22701149
 82.00000000 0.34146341 0.08490566 0.36875000 0.22988506
 106.00000000 0.34146341 0.07547170 0.43125000 0.28160920
 89.00000000 0.34146341 0.06603774 0.44375000 0.24425287
 90.00000000 0.36585366 0.06603774 0.45000000 0.27873563
 108.00000000 0.41463415 0.07547170 0.45625000 0.40229885
 69.00000000 0.26829268 0.05660377 0.31875000 0.16954023
 74.00000000 0.26829268 0.04716981 0.33125000 0.20114943
 82.00000000 0.31682927 0.03773585 0.37500000 0.20402299
 93.00000000 0.36585366 0.04716981 0.41875000 0.26436782
 54.00000000 0.26829268 0.07547170 0.53125000 0.20977011
 69.00000000 0.24390244 0.05660377 0.48125000 0.25287356
 59.00000000 0.19512195 0.04716981 0.26250000 0.14367816
 43.00000000 0.14634146 0.04716981 0.25625000 0.12356322
 66.00000000 0.19512195 0.04716981 0.32500000 0.25574713
 84.00000000 0.24390244 0.04716981 0.37500000 0.29885057
 98.00000000 0.26829268 0.04716981 0.41875000 0.25862069
 122.00000000 0.58536585 0.79245283 0.51250000 0.54885057
 131.00000000 0.75609756 0.96226415 0.46875000 0.61206897
 134.00000000 0.80463415 0.95283019 0.41875000 0.60632184
 90.00000000 0.43878049 0.49056604 0.29375000 0.35919540
 89.00000000 0.34146341 0.33018868 0.33125000 0.40517241
 87.00000000 0.39024390 0.30188679 0.39375000 0.38505747
 95.00000000 0.46341463 0.31132075 0.48750000 0.44540230
 99.00000000 0.46341463 0.25471698 0.48125000 0.42816092
 230.00000000 0.70731707 0.11320755 1.00000000 0.86781609
 239.00000000 0.68268293 0.11320755 0.88750000 0.80747126
 230.00000000 0.56073171 0.12264151 0.66875000 0.78735632
 237.00000000 0.53634146 0.23584906 0.65625000 0.68965517
 194.00000000 0.63414634 0.45283019 0.71875000 0.54022989
 141.00000000 0.51219512 0.45283019 0.52500000 0.43390805
 90.00000000 0.34146341 0.28301887 0.35000000 0.26436782
 46.00000000 0.19512195 0.16037736 0.15625000 0.10632184
 30.00000000 0.12195122 0.09433962 0.06875000 0.13505747
 41.00000000 0.12195122 0.11320755 0.06875000 0.19252874
 47.00000000 0.17073171 0.14150943 0.08125000 0.22126437
 98.00000000 0.68268293 0.43396226 0.24375000 0.75862069
 159.00000000 0.73170732 0.59433962 0.30625000 0.67528736
 44.00000000 0.29268293 0.16037736 0.28125000 0.09482759
 22.00000000 0.14634146 0.05660377 0.44375000 0.09195402
 24.00000000 0.14634146 0.05660377 0.53125000 0.10632184
 24.00000000 0.19512195 0.04716981 0.51875000 0.07183908
 47.00000000 0.19512195 0.02830189 0.53125000 0.19827586
 59.00000000 0.21951220 0.04716981 0.52500000 0.19252874
 49.00000000 0.14634146 0.07547170 0.45000000 0.18678161
 33.00000000 0.12195122 0.10377358 0.36250000 0.12643678
 30.00000000 0.09756098 0.14150943 0.26250000 0.10057471
 45.00000000 0.14634146 0.15094340 0.41875000 0.19252874
 53.00000000 0.17073171 0.16037736 0.42500000 0.17528736
 70.00000000 0.26829268 0.29245283 0.36875000 0.16954023
 72.00000000 0.36585366 0.52830189 0.26875000 0.31609195
 81.00000000 0.46341463 0.61320755 0.26875000 0.38793103
 79.00000000 0.39024390 0.50000000 0.17500000 0.30747126
 82.00000000 0.39024390 0.49056604 0.16875000 0.33045977
 80.00000000 0.39024390 0.40566038 0.18750000 0.31896552
 70.00000000 0.31682927 0.32075472 0.21250000 0.25862069
 68.00000000 0.31682927 0.28301887 0.24375000 0.31321839
 67.00000000 0.31682927 0.28301887 0.28750000 0.40229885
 71.00000000 0.21951220 0.17924528 0.33125000 0.51436782
 65.00000000 0.21951220 0.10377358 0.35625000 0.30459770
 61.00000000 0.24390244 0.10377358 0.45000000 0.19252874
 79.00000000 0.26829268 0.13207547 0.50000000 0.23850575
 80.00000000 0.19512195 0.15094340 0.35000000 0.21264368
 97.00000000 0.19512195 0.17924528 0.36250000 0.24712644
 97.00000000 0.31682927 0.22641509 0.28125000 0.26436782
 120.00000000 0.39024390 0.33018868 0.38125000 0.31896552
 128.00000000 0.43878049 0.44339623 0.38750000 0.39942529
 112.00000000 0.36585366 0.40566038 0.35000000 0.32471264
 105.00000000 0.39024390 0.40566038 0.35625000 0.27298851
 112.00000000 0.46341463 0.45283019 0.39375000 0.30747126
 110.00000000 0.48780488 0.44339623 0.35625000 0.30459770
 114.00000000 0.68268293 0.40566038 0.42500000 0.43103448
 130.00000000 0.80463415 0.30188679 0.39375000 0.40517241
 118.00000000 0.63414634 0.33018868 0.31250000 0.35057471
 131.00000000 0.65829268 0.45283019 0.31875000 0.39367816
 110.00000000 0.41463415 0.35849057 0.21250000 0.28160920
 21.00000000 0.07317073 0.00000000 0.11875000 0.02873563
 41.00000000 0.17073171 0.00000000 0.12500000 0.10057471
 34.00000000 0.14634146 0.00000000 0.23750000 0.08045977
 36.00000000 0.19512195 0.05660377 0.21875000 0.07183908
 48.00000000 0.24390244 0.14150943 0.21875000 0.14080460
 64.00000000 0.26829268 0.16981132 0.21250000 0.14942529
 54.00000000 0.24390244 0.16981132 0.18125000 0.14080460
 57.00000000 0.24390244 0.14150943 0.16875000 0.14080460
 72.00000000 0.24390244 0.13207547 0.18125000 0.18103448
 83.00000000 0.26829268 0.10377358 0.36875000 0.20977011
 90.00000000 0.26829268 0.10377358 0.40000000 0.23850575
 77.00000000 0.24390244 0.04716981 0.41250000 0.19540230
 77.00000000 0.26829268 0.02830189 0.48125000 0.18965517
 82.00000000 0.29268293 0.02830189 0.61250000 0.22413793
 101.00000000 0.29268293 0.01886792 0.55625000 0.33045977
 72.00000000 0.21951220 0.01886792 0.31250000 0.18103448
 72.00000000 0.21951220 0.00943396 0.35625000 0.17528736
 92.00000000 0.31682927 0.00943396 0.45000000 0.24712644
 32.00000000 0.17073171 0.06603774 0.41250000 0.08333333
 35.00000000 0.24390244 0.04716981 0.52500000 0.11206897
 64.00000000 0.24390244 0.02830189 0.59375000 0.22701149
 67.00000000 0.14634146 0.02830189 0.33750000 0.16091954
 30.00000000 0.12195122 0.02830189 0.38750000 0.08620690
 56.00000000 0.14634146 0.00943396 0.40000000 0.18390805
 82.00000000 0.17073171 0.00000000 0.41250000 0.31321839
 89.00000000 0.21951220 0.00000000 0.47500000 0.25000000
 82.00000000 0.24390244 0.24528302 0.54375000 0.51436782
 90.00000000 0.24390244 0.25471698 0.38750000 0.54310345
 85.00000000 0.19512195 0.21698113 0.27500000 0.44540230
 89.00000000 0.24390244 0.24528302 0.29375000 0.57758621
 92.00000000 0.31682927 0.26415094 0.31250000 0.54885057
 95.00000000 0.39024390 0.23584906 0.31250000 0.52298851
 109.00000000 0.43878049 0.26415094 0.51250000 0.64080460
 108.00000000 0.48780488 0.23584906 0.62500000 0.62643678
 120.00000000 0.46341463 0.21698113 0.78750000 0.62931034
 111.00000000 0.41463415 0.20754717 0.66250000 0.50574713
 127.00000000 0.46341463 0.22641509 0.74375000 0.58333333
 191.00000000 0.58536585 0.32075472 0.53750000 0.69540230
 24.00000000 0.12195122 0.07547170 0.13125000 0.10344828
 25.00000000 0.12195122 0.04716981 0.13750000 0.19540230
 39.00000000 0.12195122 0.05660377 0.13125000 0.17816092
 34.00000000 0.12195122 0.06603774 0.11250000 0.24425287
 39.00000000 0.12195122 0.06603774 0.11250000 0.10344828
 3.00000000 0.19512195 0.10377358 0.31875000 0.01724138
 3.00000000 0.17073171 0.07547170 0.33125000 0.02011494
 3.00000000 0.14634146 0.06603774 0.35000000 0.07183908
 3.00000000 0.14634146 0.05660377 0.49375000 0.07471264
 3.00000000 0.12195122 0.04716981 0.51250000 0.03735632
 44.00000000 0.09756098 0.03773585 0.50625000 0.12643678
 51.00000000 0.12195122 0.04716981 0.60625000 0.27873563
 45.00000000 0.09756098 0.03773585 0.54375000 0.20977011
 41.00000000 0.07317073 0.03773585 0.51250000 0.13793103
 38.00000000 0.04878049 0.05660377 0.40000000 0.10057471
 63.00000000 0.09756098 0.10377358 0.47500000 0.16666667
 52.00000000 0.14634146 0.27358491 0.28750000 0.26724138
 68.00000000 0.17073171 0.25471698 0.29375000 0.37068966
 83.00000000 0.26829268 0.41509434 0.32500000 0.34770115
 93.00000000 0.34146341 0.48113208 0.34375000 0.41091954
 99.00000000 0.39024390 0.49056604 0.36250000 0.46264368
 104.00000000 0.41463415 0.47169811 0.38750000 0.43965517
 109.00000000 0.34146341 0.40566038 0.43125000 0.47126437
 118.00000000 0.34146341 0.34905660 0.49375000 0.47701149
 130.00000000 0.21951220 0.19811321 0.59375000 0.35919540
 57.00000000 0.17073171 0.11320755 0.69375000 0.31609195
 72.00000000 0.17073171 0.14150943 0.66250000 0.25862069
 97.00000000 0.09756098 0.14150943 0.44375000 0.33045977
 101.00000000 0.12195122 0.17924528 0.51875000 0.34195402
 103.00000000 0.24390244 0.31132075 0.51875000 0.30172414
 110.00000000 0.31682927 0.49056604 0.57500000 0.36206897
 113.00000000 0.29268293 0.41509434 0.57500000 0.39655172
 113.00000000 0.26829268 0.31132075 0.63125000 0.37068966
 106.00000000 0.29268293 0.28301887 0.65625000 0.37356322
 106.00000000 0.26829268 0.27358491 0.63125000 0.33908046
 123.00000000 0.65829268 0.21698113 0.70625000 0.45114943
 146.00000000 0.53634146 0.25471698 0.60625000 0.40517241
 156.00000000 0.34146341 0.14150943 0.50000000 0.43678161
 160.00000000 0.19512195 0.01886792 0.45625000 0.43678161
 76.00000000 0.19512195 0.00000000 0.36875000 0.20114943
 27.00000000 0.21951220 0.00000000 0.36250000 0.16091954
 12.00000000 0.21951220 0.01886792 0.34375000 0.10344828
 3.00000000 0.21951220 0.06603774 0.33125000 0.17241379
 15.00000000 0.21951220 0.02830189 0.21875000 0.20402299
 17.00000000 0.24390244 0.00943396 0.21875000 0.21551724
 31.00000000 0.24390244 0.00000000 0.25625000 0.20977011
 62.00000000 0.26829268 0.00000000 0.36250000 0.28735632
 73.00000000 0.26829268 0.00000000 0.54375000 0.32471264
 67.00000000 0.31682927 0.00000000 0.58750000 0.53448276
 3.00000000 0.36585366 0.00000000 0.43125000 0.27873563
 65.00000000 0.39024390 0.00000000 0.44375000 0.23850575
 95.00000000 0.24390244 0.00000000 0.41250000 0.28448276
 88.00000000 0.29268293 0.00000000 0.38125000 0.29597701
 54.00000000 0.26829268 0.00000000 0.31875000 0.12068966
 68.00000000 0.29268293 0.00000000 0.35000000 0.26724138
 60.00000000 0.31682927 0.00000000 0.40000000 0.14080460
 57.00000000 0.31682927 0.00000000 0.45000000 0.18678161
 36.00000000 0.26829268 0.00000000 0.49375000 0.18678161
 68.00000000 0.24390244 0.00000000 0.48125000 0.21264368
 70.00000000 0.24390244 0.00000000 0.48750000 0.34482759
 69.00000000 0.21951220 0.00000000 0.34375000 0.27873563
 40.00000000 0.19512195 0.00943396 0.30000000 0.16379310
 64.00000000 0.19512195 0.00000000 0.34375000 0.22988506
 82.00000000 0.21951220 0.00000000 0.45625000 0.22413793
 90.00000000 0.51219512 0.70754717 0.32500000 0.65517241
 113.00000000 0.68268293 0.91509434 0.26875000 0.67241379
 99.00000000 0.51219512 0.63207547 0.15000000 0.58045977
 86.00000000 0.36585366 0.41509434 0.11250000 0.55459770
 85.00000000 0.29268293 0.28301887 0.10000000 0.50862069
 84.00000000 0.39024390 0.28301887 0.21875000 0.44540230
 96.00000000 0.46341463 0.21698113 0.38125000 0.52298851
 110.00000000 0.53634146 0.12264151 0.73125000 0.63793103
 246.00000000 0.51219512 0.33962264 0.48125000 1.00000000
 222.00000000 0.65829268 0.46226415 0.66875000 0.72413793
 41.00000000 0.21951220 0.11320755 0.19375000 0.10344828
 48.00000000 0.14634146 0.07547170 0.10625000 0.27586207
 48.00000000 0.12195122 0.08490566 0.06250000 0.25862069
 55.00000000 0.19512195 0.13207547 0.05625000 0.48850575
 167.00000000 0.78024390 0.60377358 0.22500000 0.53735632
 66.00000000 0.34146341 0.21698113 0.24375000 0.15229885
 67.00000000 0.41463415 0.16981132 0.30000000 0.25000000
 18.00000000 0.12195122 0.04716981 0.26250000 0.17241379
 21.00000000 0.14634146 0.03773585 0.35000000 0.26149425
 39.00000000 0.17073171 0.04716981 0.45000000 0.35057471
 61.00000000 0.21951220 0.00000000 0.40625000 0.57471264
 64.00000000 0.24390244 0.00000000 0.40625000 0.27873563
 46.00000000 0.21951220 0.05660377 0.43750000 0.19540230
 36.00000000 0.14634146 0.08490566 0.34375000 0.16666667
 56.00000000 0.21951220 0.28301887 0.26875000 0.15229885
 68.00000000 0.48780488 0.86792453 0.28125000 0.30747126
 82.00000000 0.46341463 0.71698113 0.19375000 0.49137931
 81.00000000 0.46341463 0.62264151 0.16875000 0.40804598
 80.00000000 0.48780488 0.66037736 0.15625000 0.32471264
 90.00000000 0.46341463 0.59433962 0.14375000 0.56896552
 73.00000000 0.36585366 0.38679245 0.11875000 0.31896552
 67.00000000 0.29268293 0.31132075 0.12500000 0.43965517
 64.00000000 0.29268293 0.31132075 0.15625000 0.33333333
 69.00000000 0.34146341 0.33018868 0.30625000 0.57758621
 70.00000000 0.17073171 0.14150943 0.23125000 0.73275862
 70.00000000 0.17073171 0.11320755 0.31875000 0.39655172
 71.00000000 0.19512195 0.11320755 0.43125000 0.28160920
 81.00000000 0.21951220 0.14150943 0.43750000 0.28160920
 103.00000000 0.24390244 0.18867925 0.35625000 0.35057471
 97.00000000 0.19512195 0.20754717 0.25000000 0.24712644
 99.00000000 0.17073171 0.23584906 0.15625000 0.29885057
 103.00000000 0.21951220 0.38679245 0.22500000 0.30172414
 100.00000000 0.36585366 0.42452830 0.24375000 0.27873563
 126.00000000 0.51219512 0.78301887 0.31875000 0.42241379
 119.00000000 0.46341463 0.82075472 0.37500000 0.45114943
 107.00000000 0.41463415 0.60377358 0.38125000 0.36494253
 101.00000000 0.41463415 0.47169811 0.35625000 0.37068966
 106.00000000 0.51219512 0.43396226 0.39375000 0.39655172
 113.00000000 0.60975610 0.42452830 0.41875000 0.39655172
 121.00000000 0.80463415 0.46226415 0.45625000 0.51149425
 136.00000000 0.92658537 0.48113208 0.43125000 0.54885057
 154.00000000 0.70731707 0.48113208 0.34375000 0.50287356
 169.00000000 0.78024390 0.54716981 0.35625000 0.56609195
 129.00000000 0.39024390 0.38679245 0.20000000 0.35919540
 108.00000000 0.43878049 0.26415094 0.18750000 0.30172414
 48.00000000 0.17073171 0.00000000 0.19375000 0.11781609
 51.00000000 0.17073171 0.00000000 0.10000000 0.11494253
 68.00000000 0.19512195 0.00000000 0.15000000 0.16666667
 53.00000000 0.19512195 0.00000000 0.23750000 0.13218391
 54.00000000 0.24390244 0.00000000 0.35625000 0.14655172
 73.00000000 0.34146341 0.12264151 0.19375000 0.20114943
 58.00000000 0.31682927 0.17924528 0.17500000 0.18103448
 81.00000000 0.31682927 0.17924528 0.20625000 0.23563218
 84.00000000 0.34146341 0.14150943 0.31250000 0.23850575
 85.00000000 0.31682927 0.10377358 0.35625000 0.22701149
 96.00000000 0.31682927 0.05660377 0.29375000 0.26724138
 96.00000000 0.34146341 0.02830189 0.39375000 0.27586207
 95.00000000 0.31682927 0.00943396 0.40000000 0.30459770
 114.00000000 0.39024390 0.02830189 0.30625000 0.37643678
 81.00000000 0.31682927 0.00000000 0.23125000 0.21551724
 66.00000000 0.21951220 0.00000000 0.24375000 0.16954023
 66.00000000 0.21951220 0.00000000 0.23125000 0.19252874
 80.00000000 0.24390244 0.00000000 0.20625000 0.23275862
 93.00000000 0.29268293 0.00000000 0.21875000 0.24712644
 81.00000000 0.34146341 0.00000000 0.28750000 0.20114943
 42.00000000 0.21951220 0.03773585 0.39375000 0.23563218
 63.00000000 0.21951220 0.00943396 0.46875000 0.27298851
 58.00000000 0.21951220 0.00000000 0.39375000 0.20689655
 42.00000000 0.12195122 0.00943396 0.21250000 0.11206897
 69.00000000 0.14634146 0.00000000 0.26875000 0.30459770
 88.00000000 0.19512195 0.00000000 0.30000000 0.34195402
 80.00000000 0.21951220 0.00000000 0.30000000 0.21264368
 96.00000000 0.39024390 0.55660377 0.52500000 0.46839080
 106.00000000 0.46341463 0.66037736 0.41250000 0.58908046
 111.00000000 0.46341463 0.61320755 0.33125000 0.51724138
 87.00000000 0.29268293 0.33018868 0.28750000 0.48275862
 88.00000000 0.29268293 0.32075472 0.27500000 0.50287356
 92.00000000 0.36585366 0.33018868 0.28750000 0.52011494
 101.00000000 0.41463415 0.35849057 0.38125000 0.56609195
 106.00000000 0.43878049 0.30188679 0.55625000 0.60057471
 107.00000000 0.46341463 0.27358491 0.73750000 0.62356322
 112.00000000 0.46341463 0.24528302 0.81875000 0.52011494
 132.00000000 0.51219512 0.23584906 0.86875000 0.72413793
 154.00000000 0.60975610 0.22641509 0.86250000 0.65517241
 225.00000000 0.56073171 0.32075472 0.64375000 0.96264368
 197.00000000 0.63414634 0.55660377 0.62500000 0.76436782
 46.00000000 0.14634146 0.09433962 0.20625000 0.10344828
 37.00000000 0.09756098 0.08490566 0.12500000 0.20689655
 37.00000000 0.09756098 0.08490566 0.10000000 0.24425287
 50.00000000 0.12195122 0.11320755 0.12500000 0.25862069
 46.00000000 0.12195122 0.12264151 0.13125000 0.23275862
 45.00000000 0.17073171 0.14150943 0.23125000 0.09770115
 23.00000000 0.07317073 0.06603774 0.30000000 0.06896552
 24.00000000 0.09756098 0.05660377 0.27500000 0.08333333
 32.00000000 0.09756098 0.04716981 0.38125000 0.16954023
 29.00000000 0.12195122 0.04716981 0.51875000 0.15229885
 23.00000000 0.09756098 0.03773585 0.40000000 0.06896552
 22.00000000 0.07317073 0.04716981 0.40000000 0.07183908
 32.00000000 0.09756098 0.03773585 0.52500000 0.16379310
 35.00000000 0.14634146 0.02830189 0.51250000 0.19827586
 36.00000000 0.09756098 0.04716981 0.44375000 0.23563218
 26.00000000 0.07317073 0.07547170 0.34375000 0.18678161
 18.00000000 0.04878049 0.09433962 0.24375000 0.07758621
 25.00000000 0.07317073 0.10377358 0.28125000 0.10344828
 45.00000000 0.12195122 0.12264151 0.44375000 0.22413793
 53.00000000 0.14634146 0.16981132 0.38125000 0.13793103
 56.00000000 0.24390244 0.44339623 0.25625000 0.21264368
 70.00000000 0.41463415 0.71698113 0.28125000 0.38793103
 88.00000000 0.41463415 0.61320755 0.24375000 0.45689655
 96.00000000 0.51219512 0.69811321 0.23125000 0.47701149
 94.00000000 0.46341463 0.63207547 0.21250000 0.45402299
 83.00000000 0.39024390 0.46226415 0.18750000 0.38218391
 73.00000000 0.26829268 0.30188679 0.17500000 0.31321839
 72.00000000 0.29268293 0.29245283 0.21250000 0.34770115
 70.00000000 0.29268293 0.28301887 0.26875000 0.38793103
 72.00000000 0.24390244 0.21698113 0.28750000 0.68103448
 70.00000000 0.14634146 0.10377358 0.30000000 0.40229885
 77.00000000 0.17073171 0.10377358 0.39375000 0.35919540
 79.00000000 0.17073171 0.10377358 0.47500000 0.30747126
 87.00000000 0.21951220 0.13207547 0.47500000 0.32471264
 113.00000000 0.19512195 0.16037736 0.39375000 0.33620690
 99.00000000 0.12195122 0.18867925 0.18125000 0.25574713
 99.00000000 0.19512195 0.26415094 0.20000000 0.26149425
 99.00000000 0.21951220 0.29245283 0.26875000 0.27011494
 119.00000000 0.34146341 0.46226415 0.26875000 0.33908046
 118.00000000 0.41463415 0.72641509 0.35625000 0.39367816
 107.00000000 0.36585366 0.65094340 0.36875000 0.37643678
 103.00000000 0.34146341 0.51886792 0.40625000 0.34770115
 106.00000000 0.36585366 0.43396226 0.38125000 0.34770115
 113.00000000 0.39024390 0.42452830 0.41875000 0.38218391
 111.00000000 0.43878049 0.37735849 0.38125000 0.37356322
 115.00000000 0.60975610 0.23584906 0.37500000 0.42816092
 139.00000000 0.75609756 0.29245283 0.40000000 0.46264368
 150.00000000 0.63414634 0.29245283 0.40000000 0.44827586
 151.00000000 0.56073171 0.45283019 0.29375000 0.42816092
 119.00000000 0.36585366 0.17924528 0.18125000 0.33045977
 25.00000000 0.04878049 0.00000000 0.13125000 0.05459770
 47.00000000 0.12195122 0.00000000 0.18125000 0.11494253
 53.00000000 0.14634146 0.00000000 0.22500000 0.12356322
 40.00000000 0.17073171 0.00943396 0.29375000 0.08620690
 43.00000000 0.17073171 0.04716981 0.24375000 0.08908046
 51.00000000 0.19512195 0.08490566 0.23125000 0.14655172
 55.00000000 0.19512195 0.07547170 0.27500000 0.18103448
 66.00000000 0.26829268 0.08490566 0.31250000 0.18390805
 94.00000000 0.29268293 0.14150943 0.33750000 0.28160920
 98.00000000 0.24390244 0.11320755 0.35000000 0.25000000
 85.00000000 0.24390244 0.09433962 0.33125000 0.24137931
 90.00000000 0.24390244 0.04716981 0.35625000 0.25287356
 101.00000000 0.26829268 0.02830189 0.43750000 0.28448276
 105.00000000 0.26829268 0.02830189 0.46250000 0.27873563
 103.00000000 0.26829268 0.02830189 0.39375000 0.26436782
 102.00000000 0.29268293 0.01886792 0.41250000 0.36494253
 112.00000000 0.34146341 0.02830189 0.32500000 0.31896552
 72.00000000 0.19512195 0.00000000 0.26875000 0.19252874
 75.00000000 0.19512195 0.00000000 0.30000000 0.22701149
 82.00000000 0.21951220 0.00000000 0.31875000 0.24425287
 87.00000000 0.24390244 0.00000000 0.36875000 0.21551724
 108.00000000 0.29268293 0.00000000 0.38125000 0.27873563
 69.00000000 0.21951220 0.01886792 0.47500000 0.25287356
 78.00000000 0.19512195 0.00943396 0.45625000 0.20689655
 64.00000000 0.14634146 0.01886792 0.28750000 0.20114943
 48.00000000 0.14634146 0.04716981 0.24375000 0.11781609
 35.00000000 0.09756098 0.00943396 0.26250000 0.08908046
 65.00000000 0.14634146 0.00000000 0.34375000 0.23850575
 88.00000000 0.17073171 0.00000000 0.38125000 0.35632184
 97.00000000 0.21951220 0.00000000 0.43750000 0.27873563
 90.00000000 0.31682927 0.29245283 0.22500000 0.43678161
 77.00000000 0.26829268 0.31132075 0.21875000 0.38218391
 82.00000000 0.26829268 0.32075472 0.23125000 0.45114943
 81.00000000 0.24390244 0.32075472 0.15000000 0.42241379
 87.00000000 0.21951220 0.33018868 0.18125000 0.44252874
 98.00000000 0.29268293 0.44339623 0.13125000 0.52586207
 111.00000000 0.39024390 0.55660377 0.15625000 0.57471264
 90.00000000 0.29268293 0.34905660 0.12500000 0.44540230
 77.00000000 0.26829268 0.28301887 0.13125000 0.41954023
 65.00000000 0.19512195 0.18867925 0.12500000 0.35919540
 46.00000000 0.09756098 0.12264151 0.16875000 0.20402299
 39.00000000 0.09756098 0.14150943 0.20625000 0.26149425
 34.00000000 0.09756098 0.07547170 0.23125000 0.24425287
 46.00000000 0.09756098 0.04716981 0.21250000 0.23275862
 43.00000000 0.09756098 0.03773585 0.16250000 0.18103448
 32.00000000 0.07317073 0.02830189 0.18125000 0.16954023
 29.00000000 0.07317073 0.01886792 0.16250000 0.11494253
 26.00000000 0.07317073 0.00943396 0.09375000 0.08045977
 19.00000000 0.07317073 0.00000000 0.07500000 0.05747126
 18.00000000 0.04878049 0.00000000 0.06875000 0.04885057
 14.00000000 0.04878049 0.00000000 0.05000000 0.03735632
 13.00000000 0.04878049 0.00943396 0.05625000 0.06896552
 14.00000000 0.07317073 0.00943396 0.10625000 0.16666667
 31.00000000 0.07317073 0.01886792 0.11875000 0.07471264
 22.00000000 0.09756098 0.08490566 0.16250000 0.10344828
 37.00000000 0.12195122 0.14150943 0.30625000 0.20114943
 40.00000000 0.14634146 0.16037736 0.17500000 0.17241379
 34.00000000 0.09756098 0.08490566 0.11875000 0.12356322
 41.00000000 0.12195122 0.11320755 0.13750000 0.22126437
 60.00000000 0.14634146 0.16037736 0.25000000 0.34482759
 84.00000000 0.26829268 0.29245283 0.41875000 0.39367816
 97.00000000 0.36585366 0.40566038 0.53125000 0.50574713
 120.00000000 0.51219512 0.54716981 0.48125000 0.60632184
 121.00000000 0.53634146 0.42452830 0.40000000 0.53160920
 112.00000000 0.48780488 0.44339623 0.33750000 0.54597701
 122.00000000 0.48780488 0.23584906 0.30000000 0.60344828
 110.00000000 0.46341463 0.26415094 0.29375000 0.37931034
 108.00000000 0.46341463 0.27358491 0.25625000 0.40517241
 104.00000000 0.48780488 0.22641509 0.23125000 0.39080460
 111.00000000 0.48780488 0.18867925 0.21875000 0.38505747
 112.00000000 0.48780488 0.21698113 0.17500000 0.38793103
 112.00000000 0.46341463 0.17924528 0.16250000 0.38793103
 104.00000000 0.41463415 0.12264151 0.18750000 0.35344828
 66.00000000 0.26829268 0.11320755 0.15000000 0.17528736
 44.00000000 0.19512195 0.10377358 0.15000000 0.24712644
 10.00000000 0.04878049 0.00000000 0.00625000 0.05172414
 15.00000000 0.04878049 0.00000000 0.00625000 0.06896552
 11.00000000 0.04878049 0.00000000 0.00625000 0.02011494
 15.00000000 0.04878049 0.01886792 0.00000000 0.05747126
 16.00000000 0.04878049 0.01886792 0.00000000 0.06321839
 15.00000000 0.04878049 0.01886792 0.00000000 0.05172414
 11.00000000 0.02439024 0.00000000 0.00000000 0.07471264
 8.00000000 0.02439024 0.00000000 0.00000000 0.02586207
 8.00000000 0.04878049 0.00000000 0.03125000 0.03160920
 12.00000000 0.04878049 0.00943396 0.04375000 0.04885057
 11.00000000 0.04878049 0.00943396 0.04375000 0.05172414
 11.00000000 0.04878049 0.01886792 0.05625000 0.03448276
 14.00000000 0.04878049 0.01886792 0.05000000 0.02873563
 19.00000000 0.07317073 0.02830189 0.06875000 0.05172414
 18.00000000 0.07317073 0.02830189 0.09375000 0.08045977
 19.00000000 0.07317073 0.01886792 0.09375000 0.09482759
 17.00000000 0.07317073 0.00943396 0.08750000 0.08908046
 16.00000000 0.07317073 0.00943396 0.08125000 0.04310345
 17.00000000 0.07317073 0.00000000 0.10625000 0.02586207
 18.00000000 0.07317073 0.00000000 0.10625000 0.04310345
 21.00000000 0.09756098 0.00943396 0.13750000 0.07758621
 31.00000000 0.09756098 0.03773585 0.15000000 0.15517241
 38.00000000 0.12195122 0.08490566 0.19375000 0.16954023
 46.00000000 0.14634146 0.12264151 0.20000000 0.14080460
 58.00000000 0.14634146 0.10377358 0.18750000 0.17241379
 45.00000000 0.14634146 0.10377358 0.16250000 0.18103448
 49.00000000 0.14634146 0.09433962 0.16250000 0.22126437
 57.00000000 0.14634146 0.09433962 0.20000000 0.24712644
 69.00000000 0.19512195 0.17924528 0.16250000 0.26149425
 101.00000000 0.41463415 0.42452830 0.20000000 0.45689655
 110.00000000 0.48780488 0.50000000 0.21250000 0.47413793
 103.00000000 0.43878049 0.42452830 0.20625000 0.45402299
 94.00000000 0.39024390 0.30188679 0.20000000 0.42241379
 80.00000000 0.36585366 0.19811321 0.15625000 0.35632184
 76.00000000 0.36585366 0.17924528 0.13750000 0.33333333
 71.00000000 0.29268293 0.15094340 0.15625000 0.37356322
 75.00000000 0.29268293 0.10377358 0.14375000 0.30747126
 70.00000000 0.21951220 0.05660377 0.16875000 0.30172414
 70.00000000 0.19512195 0.23584906 0.05625000 0.16954023
 75.00000000 0.19512195 0.20754717 0.08750000 0.19827586
 91.00000000 0.21951220 0.22641509 0.17500000 0.24712644
 95.00000000 0.21951220 0.24528302 0.18750000 0.25862069
 95.00000000 0.21951220 0.21698113 0.20625000 0.27586207
 95.00000000 0.24390244 0.19811321 0.19375000 0.30172414
 101.00000000 0.41463415 0.37735849 0.25625000 0.26436782
 90.00000000 0.43878049 0.34905660 0.26250000 0.30747126
 132.00000000 0.58536585 0.48113208 0.31875000 0.47988506
 120.00000000 0.48780488 0.45283019 0.26250000 0.38505747
 112.00000000 0.34146341 0.27358491 0.22500000 0.32471264
 77.00000000 0.21951220 0.07547170 0.15000000 0.23850575
 57.00000000 0.17073171 0.03773585 0.14375000 0.14942529
 50.00000000 0.12195122 0.00000000 0.08750000 0.11206897
 49.00000000 0.12195122 0.00000000 0.07500000 0.11494253
 49.00000000 0.12195122 0.00000000 0.09375000 0.10919540
 80.00000000 0.19512195 0.00000000 0.25000000 0.20977011
 98.00000000 0.21951220 0.00000000 0.19375000 0.25287356
 44.00000000 0.14634146 0.00000000 0.16250000 0.10919540
 36.00000000 0.12195122 0.00000000 0.13125000 0.08333333
 34.00000000 0.12195122 0.00000000 0.16875000 0.10919540
 41.00000000 0.14634146 0.00000000 0.24375000 0.10057471
 55.00000000 0.17073171 0.00000000 0.30625000 0.15229885
 65.00000000 0.17073171 0.01886792 0.36875000 0.17528736
 69.00000000 0.17073171 0.02830189 0.33750000 0.20977011
 75.00000000 0.17073171 0.00943396 0.31875000 0.23850575
 74.00000000 0.00000000 0.00000000 0.00000000 0.88218391
 106.00000000 0.34146341 0.35849057 0.44375000 0.50000000
 107.00000000 0.29268293 0.39622642 0.40625000 0.57183908
 103.00000000 0.24390244 0.39622642 0.23125000 0.45689655
 88.00000000 0.21951220 0.36792453 0.20625000 0.46551724
 96.00000000 0.21951220 0.38679245 0.16875000 0.50287356
 108.00000000 0.26829268 0.51886792 0.12500000 0.58908046
 106.00000000 0.29268293 0.48113208 0.13125000 0.52011494
 87.00000000 0.26829268 0.37735849 0.13125000 0.43103448
 76.00000000 0.19512195 0.23584906 0.14375000 0.33908046
 61.00000000 0.12195122 0.16037736 0.16250000 0.20977011
 38.00000000 0.09756098 0.09433962 0.25000000 0.17241379
 40.00000000 0.07317073 0.05660377 0.28125000 0.14655172
 39.00000000 0.07317073 0.01886792 0.29375000 0.19252874
 37.00000000 0.09756098 0.01886792 0.35625000 0.20977011
 50.00000000 0.09756098 0.02830189 0.22500000 0.23850575
 28.00000000 0.07317073 0.01886792 0.16250000 0.17528736
 34.00000000 0.07317073 0.00943396 0.13750000 0.09482759
 24.00000000 0.04878049 0.00000000 0.10625000 0.06609195
 22.00000000 0.04878049 0.00000000 0.15000000 0.07183908
 16.00000000 0.04878049 0.00000000 0.14375000 0.03448276
 26.00000000 0.04878049 0.00943396 0.20625000 0.14942529
 36.00000000 0.12195122 0.11320755 0.49375000 0.30747126
 39.00000000 0.12195122 0.09433962 0.46250000 0.35632184
 38.00000000 0.12195122 0.08490566 0.39375000 0.10057471
 53.00000000 0.12195122 0.08490566 0.41875000 0.14080460
 41.00000000 0.12195122 0.14150943 0.43750000 0.19827586
 48.00000000 0.12195122 0.16981132 0.28125000 0.25574713
 36.00000000 0.12195122 0.13207547 0.23750000 0.20402299
 45.00000000 0.09756098 0.11320755 0.18125000 0.25287356
 41.00000000 0.09756098 0.12264151 0.20000000 0.32758621
 77.00000000 0.17073171 0.20754717 0.33125000 0.38218391
 79.00000000 0.24390244 0.29245283 0.48750000 0.38793103
 115.00000000 0.41463415 0.50943396 0.49375000 0.77011494
 139.00000000 0.58536585 0.65094340 0.46250000 0.78448276
 154.00000000 0.70731707 0.67924528 0.43750000 0.75287356
 143.00000000 0.58536585 0.60377358 0.39375000 0.57471264
 127.00000000 0.51219512 0.49056604 0.35625000 0.54310345
 115.00000000 0.46341463 0.38679245 0.32500000 0.46551724
 110.00000000 0.43878049 0.34905660 0.28750000 0.44827586
 110.00000000 0.43878049 0.34905660 0.25625000 0.44540230
 115.00000000 0.46341463 0.34905660 0.21875000 0.45977011
 120.00000000 0.46341463 0.31132075 0.18125000 0.47701149
 120.00000000 0.43878049 0.26415094 0.23125000 0.44252874
 105.00000000 0.34146341 0.21698113 0.25000000 0.40517241
 78.00000000 0.31682927 0.17924528 0.35625000 0.28735632
 119.00000000 0.46341463 0.20754717 0.50625000 0.65229885
 180.00000000 0.48780488 0.33962264 0.79375000 0.79597701
 15.00000000 0.04878049 0.03773585 0.09375000 0.04597701
 21.00000000 0.02439024 0.00943396 0.05625000 0.05459770
 25.00000000 0.02439024 0.02830189 0.03125000 0.18678161
 26.00000000 0.02439024 0.00943396 0.03750000 0.04885057
 8.00000000 0.02439024 0.00943396 0.03750000 0.00000000
 18.00000000 0.02439024 0.00000000 0.03750000 0.06321839
 16.00000000 0.02439024 0.00000000 0.04375000 0.08908046
 15.00000000 0.02439024 0.00000000 0.10625000 0.06034483
 20.00000000 0.04878049 0.00000000 0.14375000 0.05747126
 17.00000000 0.04878049 0.02830189 0.12500000 0.10919540
 18.00000000 0.04878049 0.02830189 0.10000000 0.07471264
 13.00000000 0.04878049 0.01886792 0.08750000 0.03735632
 19.00000000 0.04878049 0.03773585 0.11875000 0.06609195
 20.00000000 0.07317073 0.04716981 0.14375000 0.05172414
 17.00000000 0.04878049 0.03773585 0.14375000 0.03160920
 26.00000000 0.07317073 0.03773585 0.21875000 0.06034483
 28.00000000 0.09756098 0.04716981 0.21875000 0.12931034
 41.00000000 0.12195122 0.10377358 0.25625000 0.16954023
 42.00000000 0.12195122 0.16037736 0.25625000 0.14655172
 45.00000000 0.09756098 0.19811321 0.24375000 0.10919540
 44.00000000 0.09756098 0.15094340 0.25000000 0.14942529
 35.00000000 0.09756098 0.13207547 0.23125000 0.24425287
 41.00000000 0.09756098 0.11320755 0.19375000 0.15517241
 51.00000000 0.12195122 0.12264151 0.18125000 0.23275862
 60.00000000 0.12195122 0.14150943 0.14375000 0.21551724
 77.00000000 0.19512195 0.30188679 0.15000000 0.29310345
 88.00000000 0.24390244 0.34905660 0.16250000 0.44252874
 109.00000000 0.39024390 0.51886792 0.21250000 0.52873563
 106.00000000 0.41463415 0.53773585 0.21250000 0.46551724
 94.00000000 0.36585366 0.39622642 0.21875000 0.43678161
 96.00000000 0.31682927 0.29245283 0.26250000 0.47413793
 95.00000000 0.34146341 0.28301887 0.27500000 0.47413793
 91.00000000 0.31682927 0.25471698 0.25625000 0.52873563
 90.00000000 0.21951220 0.19811321 0.24375000 0.51436782
 82.00000000 0.09756098 0.09433962 0.21875000 0.30172414
 77.00000000 0.09756098 0.11320755 0.18750000 0.20977011
 69.00000000 0.09756098 0.19811321 0.11875000 0.18103448
 85.00000000 0.17073171 0.37735849 0.18125000 0.23563218
 80.00000000 0.17073171 0.54716981 0.13125000 0.26149425
 112.00000000 0.21951220 0.58490566 0.24375000 0.32758621
 110.00000000 0.19512195 0.48113208 0.25625000 0.37643678
 104.00000000 0.19512195 0.52830189 0.27500000 0.35344828
 104.00000000 0.17073171 0.41509434 0.18750000 0.28735632
 107.00000000 0.26829268 0.44339623 0.23750000 0.36494253
 114.00000000 0.39024390 0.66981132 0.23750000 0.33333333
 112.00000000 0.36585366 0.68867925 0.21250000 0.37068966
 116.00000000 0.31682927 0.59433962 0.21875000 0.41379310
 104.00000000 0.21951220 0.33962264 0.17500000 0.30172414
 76.00000000 0.14634146 0.11320755 0.15000000 0.27298851
 21.00000000 0.02439024 0.02830189 0.01250000 0.02298851
 24.00000000 0.04878049 0.02830189 0.03125000 0.03735632
 38.00000000 0.04878049 0.03773585 0.08750000 0.09195402
 40.00000000 0.04878049 0.03773585 0.10625000 0.10632184
 30.00000000 0.09756098 0.13207547 0.08750000 0.08908046
 52.00000000 0.09756098 0.13207547 0.11250000 0.11494253
 46.00000000 0.09756098 0.13207547 0.13125000 0.12931034
 74.00000000 0.09756098 0.10377358 0.20625000 0.18678161
 56.00000000 0.09756098 0.12264151 0.22500000 0.14942529
 59.00000000 0.09756098 0.13207547 0.21875000 0.16091954
 62.00000000 0.09756098 0.10377358 0.20000000 0.16091954
 61.00000000 0.09756098 0.08490566 0.16250000 0.15804598
 53.00000000 0.07317073 0.06603774 0.14375000 0.12356322
 46.00000000 0.09756098 0.05660377 0.24375000 0.12356322
 76.00000000 0.09756098 0.05660377 0.26250000 0.22701149
 56.00000000 0.09756098 0.04716981 0.39375000 0.13793103
 56.00000000 0.09756098 0.04716981 0.12500000 0.13793103
 58.00000000 0.09756098 0.04716981 0.13750000 0.12931034
 81.00000000 0.14634146 0.05660377 0.25000000 0.31896552
 94.00000000 0.19512195 0.05660377 0.30000000 0.31321839
 96.00000000 0.17073171 0.06603774 0.26875000 0.24137931
 88.00000000 0.21951220 0.06603774 0.29375000 0.25574713
 120.00000000 0.21951220 0.08490566 0.30625000 0.32471264
 122.00000000 0.21951220 0.07547170 0.28125000 0.32758621
 29.00000000 0.12195122 0.10377358 0.26875000 0.06034483
 58.00000000 0.07317073 0.08490566 0.30000000 0.27298851
 70.00000000 0.12195122 0.05660377 0.39375000 0.22126437
 15.00000000 0.00000000 0.04716981 0.06250000 0.02011494
 118.00000000 0.41463415 0.50000000 0.57500000 0.43103448
 122.00000000 0.39024390 0.46226415 0.51250000 0.49137931
 121.00000000 0.26829268 0.26415094 0.48125000 0.49712644
 133.00000000 0.29268293 0.26415094 0.45000000 0.44252874
 116.00000000 0.34146341 0.29245283 0.52500000 0.45977011
 124.00000000 0.41463415 0.30188679 0.62500000 0.54022989
 140.00000000 0.41463415 0.21698113 0.81250000 0.55459770
 193.00000000 0.58536585 0.20754717 1.00000000 0.78160920
 189.00000000 0.56073171 0.28301887 0.91250000 0.52298851
 167.00000000 0.46341463 0.27358491 0.68125000 0.49425287
 149.00000000 0.43878049 0.22641509 0.89375000 0.46839080
 147.00000000 0.46341463 0.20754717 0.88750000 0.53735632
 157.00000000 0.48780488 0.14150943 0.86875000 0.60919540
 190.00000000 0.56073171 0.16981132 0.78125000 0.83620690
 236.00000000 0.60975610 0.36792453 0.76250000 0.79885057
 36.00000000 0.12195122 0.04716981 0.29375000 0.07758621
 33.00000000 0.09756098 0.05660377 0.27500000 0.16379310
 78.00000000 0.12195122 0.09433962 0.28125000 0.23563218
 66.00000000 0.19512195 0.14150943 0.38125000 0.33620690
 112.00000000 0.34146341 0.30188679 0.40000000 0.41379310
 38.00000000 0.12195122 0.05660377 0.36875000 0.07758621
 31.00000000 0.09756098 0.03773585 0.43125000 0.06609195
 29.00000000 0.07317073 0.01886792 0.39375000 0.04597701
 30.00000000 0.09756098 0.01886792 0.53125000 0.13218391
 47.00000000 0.09756098 0.01886792 0.56250000 0.22988506
 74.00000000 0.12195122 0.04716981 0.50000000 0.46264368
 72.00000000 0.14634146 0.01886792 0.46875000 0.31896552
 55.00000000 0.14634146 0.02830189 0.46875000 0.22988506
 56.00000000 0.14634146 0.02830189 0.45000000 0.18678161
 57.00000000 0.12195122 0.03773585 0.44375000 0.16666667
 46.00000000 0.12195122 0.04716981 0.43750000 0.17528736
 37.00000000 0.07317073 0.05660377 0.36250000 0.10057471
 41.00000000 0.09756098 0.07547170 0.39375000 0.11494253
 41.00000000 0.12195122 0.07547170 0.42500000 0.13505747
 44.00000000 0.14634146 0.07547170 0.41875000 0.09195402
 73.00000000 0.14634146 0.12264151 0.53125000 0.20402299
 75.00000000 0.26829268 0.42452830 0.41250000 0.25862069
 89.00000000 0.29268293 0.42452830 0.45000000 0.35057471
 100.00000000 0.36585366 0.50943396 0.46875000 0.34195402
 102.00000000 0.43878049 0.60377358 0.46875000 0.37356322
 109.00000000 0.41463415 0.50943396 0.44375000 0.37643678
 92.00000000 0.31682927 0.31132075 0.41875000 0.29597701
 87.00000000 0.29268293 0.28301887 0.41875000 0.31609195
 91.00000000 0.34146341 0.32075472 0.50000000 0.37356322
 92.00000000 0.29268293 0.28301887 0.43125000 0.50287356
 85.00000000 0.17073171 0.13207547 0.39375000 0.46264368
 100.00000000 0.19512195 0.15094340 0.43125000 0.30459770
 81.00000000 0.19512195 0.14150943 0.49375000 0.25574713
 89.00000000 0.19512195 0.14150943 0.53125000 0.22988506
 106.00000000 0.21951220 0.20754717 0.50000000 0.28448276
 104.00000000 0.36585366 0.63207547 0.37500000 0.34195402
 115.00000000 0.41463415 0.72641509 0.38750000 0.34195402
 121.00000000 0.34146341 0.57547170 0.40625000 0.35344828
 93.00000000 0.36585366 0.46226415 0.42500000 0.28448276
 125.00000000 0.46341463 0.37735849 0.40625000 0.36494253
 141.00000000 0.60975610 0.34905660 0.41250000 0.41379310
 134.00000000 0.60975610 0.38679245 0.43750000 0.37931034
 52.00000000 0.19512195 0.09433962 0.28125000 0.12068966
 58.00000000 0.21951220 0.11320755 0.31250000 0.14655172
 81.00000000 0.21951220 0.08490566 0.34375000 0.19540230
 68.00000000 0.21951220 0.11320755 0.33125000 0.16091954
 77.00000000 0.21951220 0.11320755 0.31250000 0.19252874
 92.00000000 0.21951220 0.07547170 0.31250000 0.25574713
 88.00000000 0.24390244 0.07547170 0.41250000 0.24425287
 103.00000000 0.26829268 0.05660377 0.48125000 0.36206897
 110.00000000 0.29268293 0.04716981 0.45625000 0.27873563
 69.00000000 0.21951220 0.06603774 0.45625000 0.19252874
 87.00000000 0.17073171 0.07547170 0.33125000 0.22701149
 84.00000000 0.17073171 0.11320755 0.28125000 0.30747126
 75.00000000 0.14634146 0.08490566 0.28125000 0.31034483
 54.00000000 0.14634146 0.06603774 0.33750000 0.16379310
 59.00000000 0.14634146 0.05660377 0.36250000 0.18965517
 96.00000000 0.19512195 0.04716981 0.38125000 0.27873563
 86.00000000 0.19512195 0.02830189 0.38750000 0.20977011
 114.00000000 0.46341463 0.36792453 0.46250000 0.54597701
 86.00000000 0.39024390 0.35849057 0.36250000 0.33908046
 69.00000000 0.29268293 0.35849057 0.20000000 0.45114943
 88.00000000 0.41463415 0.58490566 0.20625000 0.58908046
 93.00000000 0.53634146 0.62264151 0.23125000 0.48563218
 80.00000000 0.48780488 0.51886792 0.20625000 0.34195402
 77.00000000 0.43878049 0.40566038 0.15625000 0.53448276
 52.00000000 0.21951220 0.16037736 0.08125000 0.12356322
 32.00000000 0.12195122 0.04716981 0.07500000 0.16954023
 32.00000000 0.12195122 0.05660377 0.10000000 0.23850575
 37.00000000 0.14634146 0.14150943 0.20625000 0.21551724
 40.00000000 0.14634146 0.14150943 0.30625000 0.29885057
 34.00000000 0.14634146 0.10377358 0.33125000 0.09195402
 30.00000000 0.14634146 0.08490566 0.33750000 0.18678161
 41.00000000 0.17073171 0.09433962 0.46875000 0.45114943
 44.00000000 0.17073171 0.08490566 0.46250000 0.24425287
 44.00000000 0.17073171 0.08490566 0.53125000 0.36494253
 58.00000000 0.19512195 0.07547170 0.47500000 0.31321839
 55.00000000 0.19512195 0.08490566 0.50625000 0.30172414
 54.00000000 0.21951220 0.08490566 0.52500000 0.30747126
 44.00000000 0.17073171 0.13207547 0.40625000 0.31321839
 46.00000000 0.19512195 0.12264151 0.40625000 0.41379310
 53.00000000 0.21951220 0.12264151 0.43750000 0.42528736
 51.00000000 0.19512195 0.10377358 0.29375000 0.41666667
 58.00000000 0.19512195 0.10377358 0.24375000 0.23275862
 77.00000000 0.31682927 0.38679245 0.38125000 0.25000000
 90.00000000 0.41463415 0.59433962 0.32500000 0.38505747
 102.00000000 0.46341463 0.64150943 0.38125000 0.70114943
 115.00000000 0.51219512 0.72641509 0.41875000 0.69540230
 139.00000000 0.65829268 0.62264151 0.30000000 0.59195402
 179.00000000 0.65829268 0.01886792 0.56875000 0.70402299
 180.00000000 0.68268293 0.04716981 0.41250000 0.63218391
 180.00000000 0.68268293 0.08490566 0.46250000 0.66379310
 159.00000000 0.56073171 0.11320755 0.30625000 0.44540230
 29.00000000 0.14634146 0.00943396 0.05625000 0.25287356
 42.00000000 0.17073171 0.03773585 0.05000000 0.21551724
 34.00000000 0.14634146 0.04716981 0.05000000 0.06896552
 49.00000000 0.24390244 0.05660377 0.08750000 0.72126437
 31.00000000 0.12195122 0.01886792 0.11875000 0.05172414
 24.00000000 0.14634146 0.00000000 0.18125000 0.08333333
 20.00000000 0.09756098 0.00943396 0.19375000 0.06896552
 27.00000000 0.09756098 0.00000000 0.19375000 0.09770115
 21.00000000 0.07317073 0.00000000 0.21875000 0.06896552
 22.00000000 0.09756098 0.00000000 0.26875000 0.11206897
 25.00000000 0.09756098 0.00000000 0.38750000 0.12068966
 34.00000000 0.12195122 0.00000000 0.38125000 0.39080460
 44.00000000 0.12195122 0.00000000 0.38125000 0.13505747
 31.00000000 0.09756098 0.00000000 0.31250000 0.11781609
 27.00000000 0.09756098 0.00000000 0.25625000 0.06321839
 22.00000000 0.09756098 0.00000000 0.16250000 0.09482759
 33.00000000 0.09756098 0.00943396 0.16875000 0.23275862
 33.00000000 0.12195122 0.04716981 0.21875000 0.12643678
 48.00000000 0.17073171 0.07547170 0.18750000 0.35344828
 89.00000000 0.24390244 0.15094340 0.26250000 0.36781609
 128.00000000 0.31682927 0.25471698 0.22500000 0.37931034
 112.00000000 0.29268293 0.22641509 0.14375000 0.37931034
 106.00000000 0.34146341 0.26415094 0.13750000 0.34770115
 98.00000000 0.41463415 0.32075472 0.16250000 0.46551724
 74.00000000 0.39024390 0.28301887 0.15000000 0.33620690
 62.00000000 0.26829268 0.24528302 0.26250000 0.28160920
 75.00000000 0.26829268 0.22641509 0.33125000 0.67528736
 82.00000000 0.17073171 0.04716981 0.25625000 0.61781609
 65.00000000 0.12195122 0.00000000 0.21250000 0.30172414
 63.00000000 0.12195122 0.00000000 0.22500000 0.17241379
 90.00000000 0.17073171 0.00000000 0.35000000 0.24425287
 83.00000000 0.21951220 0.00000000 0.25625000 0.23850575
 108.00000000 0.34146341 0.01886792 0.18125000 0.29022989
 113.00000000 0.29268293 0.02830189 0.19375000 0.35919540
 105.00000000 0.21951220 0.00943396 0.25000000 0.34770115
 104.00000000 0.24390244 0.01886792 0.23750000 0.35919540
 102.00000000 0.31682927 0.02830189 0.22500000 0.32183908
 98.00000000 0.31682927 0.08490566 0.17500000 0.29310345
 91.00000000 0.31682927 0.07547170 0.14375000 0.22988506
 104.00000000 0.58536585 0.17924528 0.26250000 0.40804598
 130.00000000 0.80463415 0.37735849 0.31250000 0.40517241
 134.00000000 0.75609756 0.33962264 0.36250000 0.40804598
 145.00000000 0.85365854 0.30188679 0.37500000 0.43678161
 160.00000000 0.82926829 0.34905660 0.33750000 0.47988506
 111.00000000 0.46341463 0.29245283 0.21250000 0.37356322
 95.00000000 0.34146341 0.19811321 0.18125000 0.25574713
 65.00000000 0.17073171 0.05660377 0.13125000 0.23275862
 52.00000000 0.39024390 0.00000000 0.16875000 0.14942529
 56.00000000 0.24390244 0.00000000 0.18125000 0.13793103
 26.00000000 0.12195122 0.00000000 0.05625000 0.04310345
 25.00000000 0.12195122 0.00000000 0.13750000 0.05459770
 37.00000000 0.12195122 0.00000000 0.12500000 0.09770115
 24.00000000 0.12195122 0.00000000 0.06875000 0.04885057
 28.00000000 0.14634146 0.00000000 0.06250000 0.06609195
 50.00000000 0.14634146 0.00000000 0.06250000 0.11206897
 41.00000000 0.14634146 0.00000000 0.10625000 0.08333333
 59.00000000 0.14634146 0.00000000 0.16875000 0.14080460
 68.00000000 0.14634146 0.00000000 0.23125000 0.17528736
 57.00000000 0.17073171 0.00000000 0.22500000 0.13218391
 75.00000000 0.17073171 0.00000000 0.25000000 0.18965517
 70.00000000 0.17073171 0.00000000 0.20625000 0.17816092
 64.00000000 0.17073171 0.00000000 0.31250000 0.17816092
 73.00000000 0.19512195 0.00000000 0.33125000 0.20689655
 93.00000000 0.26829268 0.00000000 0.28750000 0.46839080
 78.00000000 0.26829268 0.00000000 0.35000000 0.19252874
 82.00000000 0.34146341 0.00000000 0.35000000 0.22701149
 102.00000000 0.39024390 0.00000000 0.32500000 0.26724138
 86.00000000 0.34146341 0.00000000 0.34375000 0.22413793
 122.00000000 0.31682927 0.00000000 0.35625000 0.34482759
 128.00000000 0.34146341 0.00000000 0.37500000 0.33620690
 113.00000000 0.31682927 0.00000000 0.40000000 0.29597701
 96.00000000 0.21951220 0.00000000 0.41875000 0.27298851
 67.00000000 0.19512195 0.00000000 0.34375000 0.18678161
 41.00000000 0.14634146 0.00000000 0.30000000 0.09195402
 49.00000000 0.14634146 0.00000000 0.35000000 0.15229885
 35.00000000 0.17073171 0.00000000 0.50625000 0.09770115
 54.00000000 0.19512195 0.00000000 0.52500000 0.16379310
 60.00000000 0.21951220 0.00000000 0.48750000 0.28160920
