 92.00000000 0.51365234 0.27450980 0.23437500 0.87200000
 63.00000000 0.43254934 0.10784314 0.27343750 0.26400000
 77.00000000 0.45958367 0.09803922 0.26562500 0.32000000
 80.00000000 0.48634766 0.09803922 0.35937500 0.40000000
 90.00000000 0.48634766 0.13725490 0.36718750 0.47200000
 114.00000000 0.54068667 0.20588235 0.42187500 0.58400000
 12.00000000 0.18924034 0.05882353 0.04687500 0.04000000
 12.00000000 0.16220600 0.00980392 0.10937500 0.12000000
 18.00000000 0.21627467 0.02941176 0.20312500 0.18000000
 35.00000000 0.24330900 0.04901961 0.28906250 0.55200000
 55.00000000 0.27034334 0.04901961 0.29687500 0.24400000
 40.00000000 0.29737767 0.05882353 0.41406250 0.23600000
 51.00000000 0.35117599 0.06862745 0.60937500 0.42400000
 57.00000000 0.37848067 0.09803922 0.77343750 0.51200000
 62.00000000 0.40551500 0.09803922 0.98437500 0.59200000
 35.00000000 0.27034334 0.09803922 0.43750000 0.27200000
 36.00000000 0.40551500 1.00000000 0.53906250 0.39600000
 27.00000000 0.10813733 0.09803922 0.23437500 0.10400000
 24.00000000 0.13517167 0.08823529 0.18750000 0.10800000
 24.00000000 0.13517167 0.08823529 0.17968750 0.13200000
 44.00000000 0.21627467 0.12745098 0.25000000 0.26400000
 58.00000000 0.37848067 0.26470588 0.29687500 0.38000000
 142.00000000 0.75669100 0.59803922 0.73437500 0.72000000
 132.00000000 0.70289267 0.44117647 0.56250000 0.62000000
 107.00000000 0.59448500 0.32352941 0.62500000 0.46800000
 123.00000000 0.48634766 0.15686275 0.73437500 0.52400000
 64.00000000 0.24330900 0.09803922 0.53125000 0.24800000
 48.00000000 0.21627467 0.10784314 0.48437500 0.23200000
 48.00000000 0.24330900 0.10784314 0.57812500 0.26400000
 103.00000000 0.35117599 0.16666667 0.75000000 0.61200000
 110.00000000 0.32441200 0.16666667 0.72656250 0.56400000
 85.00000000 0.29737767 0.14705882 0.57812500 0.45600000
 54.00000000 0.24330900 0.10784314 0.46093750 0.19600000
 32.00000000 0.13517167 0.05882353 0.23437500 0.15600000
 32.00000000 0.10813733 0.03921569 0.14843750 0.12800000
 44.00000000 0.13517167 0.03921569 0.19531250 0.22000000
 62.00000000 0.18924034 0.06862745 0.23437500 0.29200000
 65.00000000 0.18924034 0.06862745 0.29687500 0.32800000
 60.00000000 0.18924034 0.05882353 0.29687500 0.27200000
 57.00000000 0.18924034 0.04901961 0.35937500 0.24400000
 45.00000000 0.16220600 0.03921569 0.35937500 0.17200000
 28.00000000 0.13517167 0.02941176 0.31250000 0.12000000
 20.00000000 0.10813733 0.01960784 0.25000000 0.08000000
 21.00000000 0.10813733 0.00980392 0.21875000 0.09200000
 36.00000000 0.10813733 0.01960784 0.18750000 0.12400000
 54.00000000 0.13517167 0.03921569 0.26562500 0.25200000
 44.00000000 0.16220600 0.00980392 0.33593750 0.15600000
 47.00000000 0.18924034 0.00980392 0.52343750 0.17600000
 52.00000000 0.16220600 0.03921569 0.16406250 0.20000000
 66.00000000 0.18924034 0.04901961 0.21875000 0.27200000
 70.00000000 0.18924034 0.04901961 0.22656250 0.27200000
 57.00000000 0.18924034 0.03921569 0.31250000 0.23600000
 57.00000000 0.18924034 0.02941176 0.32031250 0.24800000
 65.00000000 0.18924034 0.02941176 0.32812500 0.28000000
 41.00000000 0.13517167 0.01960784 0.23437500 0.14000000
 48.00000000 0.13517167 0.01960784 0.22656250 0.17600000
 90.00000000 0.27034334 0.05882353 0.46875000 0.38000000
 54.00000000 0.16220600 0.00000000 0.35937500 0.35600000
 75.00000000 0.24330900 0.03921569 0.26562500 0.33200000
 90.00000000 0.27034334 0.04901961 0.28125000 0.40800000
 83.00000000 0.29737767 0.05882353 0.32031250 0.40800000
 90.00000000 0.32441200 0.06862745 0.39062500 0.50000000
 70.00000000 0.27034334 0.06862745 0.38281250 0.51200000
 90.00000000 0.29737767 0.10784314 0.38281250 0.53600000
 74.00000000 0.24330900 0.11764706 0.34375000 0.39600000
 15.00000000 0.00000000 0.03921569 0.08593750 0.05600000
 3.00000000 0.02703433 0.01960784 0.07031250 0.00000000
 3.00000000 0.02703433 0.00000000 0.06250000 0.00800000
 18.00000000 0.05406867 0.00000000 0.11718750 0.09200000
 19.00000000 0.05406867 0.00000000 0.12500000 0.08000000
 20.00000000 0.05406867 0.00000000 0.11718750 0.20800000
 40.00000000 0.13517167 0.04901961 0.23437500 0.49600000
 43.00000000 0.13517167 0.04901961 0.33593750 0.45600000
 54.00000000 0.16220600 0.04901961 0.46093750 0.52800000
 37.00000000 0.10813733 0.01960784 0.35156250 0.21600000
 44.00000000 0.13517167 0.01960784 0.61718750 0.39200000
 50.00000000 0.13517167 0.02941176 0.56250000 0.42000000
 72.00000000 0.21627467 0.06862745 0.53125000 0.57600000
 88.00000000 0.29737767 0.11764706 0.50000000 0.58800000
 93.00000000 0.32441200 0.14705882 0.57031250 0.52000000
 74.00000000 0.32441200 0.12745098 0.64062500 0.49600000
 58.00000000 0.21627467 0.09803922 0.54687500 0.34400000
 48.00000000 0.24330900 0.04901961 0.73437500 0.46400000
 67.00000000 0.21627467 0.05882353 0.70312500 0.48400000
 58.00000000 0.24330900 0.05882353 0.70312500 0.54800000
 52.00000000 0.16220600 0.04901961 0.50781250 0.20800000
 41.00000000 0.16220600 0.04901961 0.48437500 0.44800000
 37.00000000 0.10813733 0.06862745 0.39062500 0.18800000
 36.00000000 0.10813733 0.04901961 0.48437500 0.45600000
 44.00000000 0.18924034 0.04901961 0.54687500 0.48000000
 41.00000000 0.16220600 0.04901961 0.51562500 0.42400000
 45.00000000 0.18924034 0.05882353 0.59375000 0.38000000
 59.00000000 0.27034334 0.06862745 0.79687500 0.52400000
 54.00000000 0.18924034 0.04901961 0.67968750 0.44000000
 6.00000000 0.02703433 0.00000000 0.14062500 0.00800000
 37.00000000 0.13517167 0.00000000 0.51562500 0.37600000
 30.00000000 0.13517167 0.00980392 0.42968750 0.26000000
 27.00000000 0.16220600 0.00980392 0.41406250 0.24800000
 25.00000000 0.18924034 0.01960784 0.45312500 0.28000000
 41.00000000 0.18924034 0.02941176 0.48437500 0.28000000
 38.00000000 0.16220600 0.05882353 0.41406250 0.23200000
 27.00000000 0.10813733 0.07843137 0.25781250 0.17600000
 29.00000000 0.10813733 0.03921569 0.21875000 0.23200000
 32.00000000 0.13517167 0.00000000 0.17187500 0.33200000
 45.00000000 0.13517167 0.00000000 0.19531250 0.42000000
 44.00000000 0.13517167 0.00000000 0.18750000 0.26800000
 54.00000000 0.16220600 0.00000000 0.25000000 0.51600000
 60.00000000 0.18924034 0.00000000 0.27343750 0.41200000
 55.00000000 0.18924034 0.00000000 0.33593750 0.38800000
 47.00000000 0.18924034 0.00000000 0.32031250 0.19600000
 22.00000000 0.10813733 0.00000000 0.21875000 0.18400000
 34.00000000 0.13517167 0.00000000 0.28125000 0.32400000
 42.00000000 0.13517167 0.00000000 0.28906250 0.34400000
 49.00000000 0.13517167 0.00000000 0.26562500 0.28400000
 48.00000000 0.13517167 0.00000000 0.32031250 0.18800000
 49.00000000 0.13517167 0.00000000 0.31250000 0.24800000
 53.00000000 0.13517167 0.00000000 0.33593750 0.23600000
 67.00000000 0.13517167 0.00000000 0.31250000 0.40000000
 84.00000000 0.16220600 0.00000000 0.26562500 0.39200000
 80.00000000 0.21627467 0.00000000 0.50000000 0.31200000
 30.00000000 0.13517167 0.00000000 0.23437500 0.15600000
 23.00000000 0.13517167 0.00000000 0.32812500 0.14400000
 27.00000000 0.13517167 0.00000000 0.32031250 0.12800000
 32.00000000 0.18924034 0.00000000 0.41406250 0.25200000
 49.00000000 0.18924034 0.00000000 0.54687500 0.17200000
 47.00000000 0.18924034 0.00000000 0.53906250 0.18400000
 54.00000000 0.18924034 0.00000000 0.57031250 0.21200000
 55.00000000 0.18924034 0.00000000 0.62500000 0.22800000
 54.00000000 0.18924034 0.00000000 0.53906250 0.20400000
 16.00000000 0.13517167 0.00000000 0.27343750 0.12000000
 26.00000000 0.13517167 0.00000000 0.42968750 0.12000000
 37.00000000 0.16220600 0.00000000 0.26562500 0.21200000
 32.00000000 0.13517167 0.00980392 0.27343750 0.10800000
 40.00000000 0.16220600 0.01960784 0.32812500 0.20800000
 42.00000000 0.13517167 0.00980392 0.17187500 0.14800000
 39.00000000 0.13517167 0.01960784 0.14843750 0.18400000
 36.00000000 0.13517167 0.01960784 0.14062500 0.16800000
 34.00000000 0.13517167 0.00980392 0.16406250 0.20800000
 37.00000000 0.13517167 0.00000000 0.19531250 0.34400000
 40.00000000 0.18924034 0.00000000 0.35937500 0.33600000
 46.00000000 0.18924034 0.00000000 0.30468750 0.32400000
 50.00000000 0.18924034 0.00000000 0.39062500 0.47200000
 59.00000000 0.21627467 0.00000000 0.39843750 0.40800000
 53.00000000 0.16220600 0.00000000 0.30468750 0.40000000
 47.00000000 0.16220600 0.00000000 0.30468750 0.32000000
 48.00000000 0.16220600 0.00000000 0.46875000 0.31200000
 40.00000000 0.13517167 0.00000000 0.46875000 0.21200000
 34.00000000 0.13517167 0.00000000 0.37500000 0.21200000
 38.00000000 0.18924034 0.00000000 0.41406250 0.20000000
 42.00000000 0.21627467 0.00000000 0.51562500 0.35600000
 67.00000000 0.21627467 0.00000000 0.61718750 0.42000000
 117.00000000 0.29737767 0.00000000 0.53906250 0.57200000
 152.00000000 0.35117599 0.00000000 0.56250000 0.67200000
 181.00000000 0.48634766 0.00000000 0.62500000 0.81200000
 108.00000000 0.24330900 0.00980392 0.17968750 0.53200000
 126.00000000 0.24330900 0.00000000 0.18750000 0.54800000
 110.00000000 0.27034334 0.00980392 0.20312500 0.46800000
 118.00000000 0.27034334 0.00980392 0.29687500 0.60800000
 134.00000000 0.29737767 0.00980392 0.35156250 0.66800000
 26.00000000 0.16220600 0.00000000 0.20312500 0.11200000
 25.00000000 0.13517167 0.00000000 0.28906250 0.13200000
 92.00000000 0.32441200 0.00000000 0.34375000 0.41200000
 120.00000000 0.37848067 0.00000000 0.34375000 0.48000000
 206.00000000 0.70289267 0.00980392 0.47656250 0.85600000
 181.00000000 0.70289267 0.02941176 0.63281250 0.74000000
 69.00000000 0.21627467 0.13725490 0.12500000 0.34000000
 39.00000000 0.16220600 0.03921569 0.10937500 0.16800000
 41.00000000 0.16220600 0.01960784 0.22656250 0.22000000
 42.00000000 0.18924034 0.00980392 0.24218750 0.21600000
 45.00000000 0.21627467 0.00980392 0.23437500 0.24400000
 72.00000000 0.32441200 0.08823529 0.42187500 0.41600000
 21.00000000 0.13517167 0.06862745 0.27343750 0.12000000
 11.00000000 0.08110300 0.07843137 0.15625000 0.04000000
 22.00000000 0.05406867 0.04901961 0.11718750 0.08400000
 14.00000000 0.05406867 0.02941176 0.10937500 0.04000000
 7.00000000 0.05406867 0.02941176 0.09375000 0.04800000
 18.00000000 0.05406867 0.00980392 0.09375000 0.06000000
 18.00000000 0.05406867 0.01960784 0.08593750 0.13600000
 29.00000000 0.08110300 0.01960784 0.11718750 0.37200000
 32.00000000 0.10813733 0.02941176 0.16406250 0.36000000
 36.00000000 0.10813733 0.02941176 0.21093750 0.25600000
 39.00000000 0.13517167 0.02941176 0.30468750 0.41600000
 49.00000000 0.16220600 0.01960784 0.50781250 0.46800000
 60.00000000 0.18924034 0.04901961 0.84375000 0.59200000
 69.00000000 0.18924034 0.01960784 0.78125000 0.65600000
 81.00000000 0.32441200 0.09803922 1.00000000 0.66000000
 114.00000000 0.40551500 0.19607843 0.64843750 0.74400000
 44.00000000 0.16220600 0.08823529 0.56250000 0.32000000
 47.00000000 0.24330900 0.14705882 0.68750000 0.36000000
 34.00000000 0.18924034 0.10784314 0.58593750 0.17600000
 29.00000000 0.13517167 0.09803922 0.49218750 0.23200000
 26.00000000 0.13517167 0.08823529 0.43750000 0.24000000
 33.00000000 0.13517167 0.07843137 0.37500000 0.27200000
 37.00000000 0.13517167 0.11764706 0.25781250 0.15200000
 56.00000000 0.21627467 0.15686275 0.26562500 0.46400000
 70.00000000 0.40551500 0.29411765 0.21875000 0.62400000
 172.00000000 0.86482833 0.47058824 0.55468750 0.87200000
 132.00000000 0.70289267 0.48039216 0.49218750 0.76000000
 118.00000000 0.62151933 0.23529412 0.50781250 0.78400000
 138.00000000 0.67585834 0.25490196 0.60937500 0.70800000
 104.00000000 0.54068667 0.07843137 0.59375000 0.51200000
 99.00000000 0.48634766 0.06862745 0.76562500 0.46400000
 110.00000000 0.48634766 0.04901961 0.69531250 0.53200000
 150.00000000 0.51365234 0.03921569 0.64843750 0.67200000
 55.00000000 0.16220600 0.02941176 0.42187500 0.19600000
 50.00000000 0.13517167 0.05882353 0.40625000 0.25600000
 54.00000000 0.18924034 0.08823529 0.57812500 0.29600000
 42.00000000 0.16220600 0.08823529 0.53125000 0.17600000
 34.00000000 0.16220600 0.06862745 0.53125000 0.23600000
 35.00000000 0.13517167 0.07843137 0.46093750 0.17200000
 23.00000000 0.05406867 0.03921569 0.10156250 0.15600000
 29.00000000 0.05406867 0.01960784 0.07812500 0.28800000
 47.00000000 0.08110300 0.02941176 0.10156250 0.37200000
 55.00000000 0.10813733 0.03921569 0.10937500 0.30400000
 60.00000000 0.10813733 0.02941176 0.14843750 0.44800000
 62.00000000 0.10813733 0.03921569 0.17968750 0.28400000
 49.00000000 0.10813733 0.02941176 0.25000000 0.21200000
 27.00000000 0.05406867 0.01960784 0.24218750 0.10800000
 16.00000000 0.05406867 0.00980392 0.19531250 0.08000000
 33.00000000 0.05406867 0.00980392 0.16406250 0.19200000
 31.00000000 0.05406867 0.00980392 0.12500000 0.18000000
 28.00000000 0.05406867 0.01960784 0.13281250 0.10800000
 57.00000000 0.08110300 0.00000000 0.20312500 0.26400000
 91.00000000 0.13517167 0.00000000 0.25781250 0.46000000
 40.00000000 0.13517167 0.00000000 0.40625000 0.22400000
 49.00000000 0.13517167 0.00000000 0.44531250 0.18000000
 35.00000000 0.10813733 0.00000000 0.20312500 0.18000000
 55.00000000 0.51365234 0.00980392 0.33593750 0.23600000
 41.00000000 0.08110300 0.02941176 0.13281250 0.26800000
 61.00000000 0.10813733 0.02941176 0.17187500 0.37200000
 57.00000000 0.10813733 0.01960784 0.14062500 0.28000000
 56.00000000 0.10813733 0.01960784 0.10937500 0.24000000
 47.00000000 0.10813733 0.00980392 0.12500000 0.19200000
 39.00000000 0.10813733 0.00000000 0.18750000 0.17200000
 54.00000000 0.10813733 0.00980392 0.21875000 0.29600000
 65.00000000 0.13517167 0.00000000 0.28906250 0.37200000
 75.00000000 0.13517167 0.00000000 0.34375000 0.33600000
 77.00000000 0.13517167 0.00000000 0.21875000 0.37600000
 42.00000000 0.08110300 0.00000000 0.21093750 0.20800000
 53.00000000 0.10813733 0.00000000 0.20312500 0.22800000
 66.00000000 0.13517167 0.00000000 0.26562500 0.24800000
 66.00000000 0.18924034 0.01960784 0.47656250 0.46400000
 183.00000000 0.43254934 0.02941176 0.42187500 0.94800000
 172.00000000 0.35117599 0.08823529 0.23437500 0.76800000
 148.00000000 0.29737767 0.10784314 0.09375000 0.58000000
 118.00000000 0.21627467 0.10784314 0.10156250 0.45200000
 130.00000000 0.18924034 0.09803922 0.11718750 0.50800000
 131.00000000 0.18924034 0.01960784 0.21875000 0.66800000
 26.00000000 0.13517167 0.00000000 0.25000000 0.10400000
 182.00000000 0.43254934 0.00000000 0.38281250 0.75600000
 175.00000000 0.64882401 0.06862745 0.32812500 0.68400000
 161.00000000 0.75669100 0.15686275 0.42187500 0.63200000
 163.00000000 0.89186267 0.18627451 0.52343750 0.64000000
 154.00000000 0.91916734 0.14705882 0.40625000 0.64800000
 81.00000000 0.29737767 0.11764706 0.46875000 0.88800000
 90.00000000 0.18924034 0.10784314 0.17187500 0.55600000
 66.00000000 0.16220600 0.05882353 0.22656250 0.31200000
 103.00000000 0.29737767 0.22549020 0.32031250 0.58400000
 91.00000000 0.24330900 0.19607843 0.42968750 0.36800000
 46.00000000 0.10813733 0.14705882 0.39062500 0.18400000
 3.00000000 0.05406867 0.03921569 0.14843750 0.04400000
 15.00000000 0.05406867 0.02941176 0.15625000 0.04800000
 20.00000000 0.08110300 0.03921569 0.27343750 0.29200000
 48.00000000 0.18924034 0.06862745 0.59375000 0.44000000
 60.00000000 0.24330900 0.05882353 0.65625000 0.54000000
 62.00000000 0.27034334 0.04901961 0.82812500 0.50400000
 55.00000000 0.21627467 0.04901961 0.82812500 0.57600000
 54.00000000 0.21627467 0.04901961 0.75000000 0.50400000
 88.00000000 0.35117599 0.06862745 0.80468750 0.68800000
 100.00000000 0.45958367 0.08823529 0.71093750 0.72800000
 104.00000000 0.43254934 0.10784314 0.63281250 0.65600000
 61.00000000 0.27034334 0.11764706 0.53125000 0.36000000
 32.00000000 0.18924034 0.08823529 0.51562500 0.22400000
 44.00000000 0.21627467 0.07843137 0.58593750 0.33200000
 22.00000000 0.13517167 0.07843137 0.29687500 0.16800000
 24.00000000 0.13517167 0.09803922 0.23437500 0.13600000
 29.00000000 0.13517167 0.09803922 0.28906250 0.18800000
 27.00000000 0.16220600 0.10784314 0.28125000 0.18400000
 42.00000000 0.21627467 0.10784314 0.47656250 0.38400000
 50.00000000 0.29737767 0.11764706 0.64062500 0.34800000
 44.00000000 0.24330900 0.08823529 0.57812500 0.42400000
 44.00000000 0.29737767 0.09803922 0.60937500 0.36000000
 107.00000000 0.64882401 0.15686275 0.82812500 1.00000000
 135.00000000 0.70289267 0.22549020 0.61718750 0.86400000
 88.00000000 0.48634766 0.18627451 0.62500000 0.48000000
 49.00000000 0.27034334 0.11764706 0.54687500 0.26800000
 47.00000000 0.27034334 0.07843137 0.57812500 0.28000000
 46.00000000 0.27034334 0.04901961 0.62500000 0.29200000
 38.00000000 0.27034334 0.01960784 0.64843750 0.25200000
 32.00000000 0.18924034 0.02941176 0.68750000 0.20800000
 29.00000000 0.16220600 0.02941176 0.56250000 0.33200000
 29.00000000 0.18924034 0.01960784 0.51562500 0.37200000
 40.00000000 0.24330900 0.00000000 0.49218750 0.35200000
 40.00000000 0.21627467 0.00000000 0.43750000 0.22000000
 46.00000000 0.24330900 0.04901961 0.57031250 0.35200000
 52.00000000 0.21627467 0.12745098 0.50000000 0.28800000
 44.00000000 0.18924034 0.13725490 0.38281250 0.16000000
 34.00000000 0.18924034 0.14705882 0.39843750 0.21600000
 21.00000000 0.10813733 0.07843137 0.15625000 0.09600000
 26.00000000 0.10813733 0.04901961 0.12500000 0.21600000
 45.00000000 0.13517167 0.06862745 0.18750000 0.40000000
 58.00000000 0.16220600 0.06862745 0.21875000 0.40800000
 59.00000000 0.16220600 0.05882353 0.21875000 0.45200000
 60.00000000 0.18924034 0.04901961 0.31250000 0.39600000
 57.00000000 0.18924034 0.03921569 0.32031250 0.28000000
 17.00000000 0.10813733 0.01960784 0.20312500 0.10000000
 23.00000000 0.10813733 0.02941176 0.22656250 0.17600000
 34.00000000 0.10813733 0.01960784 0.18750000 0.20000000
 34.00000000 0.10813733 0.01960784 0.16406250 0.17600000
 36.00000000 0.10813733 0.02941176 0.21093750 0.14800000
 40.00000000 0.13517167 0.02941176 0.24218750 0.19200000
 53.00000000 0.13517167 0.02941176 0.23437500 0.30800000
 92.00000000 0.16220600 0.00980392 0.15625000 0.44400000
 61.00000000 0.21627467 0.00000000 0.46093750 0.22000000
 25.00000000 0.16220600 0.00000000 0.23437500 0.08000000
 32.00000000 0.18924034 0.00000000 0.31250000 0.19200000
 50.00000000 0.21627467 0.00000000 0.52343750 0.21600000
 47.00000000 0.21627467 0.00000000 0.50000000 0.17200000
 71.00000000 0.37848067 0.03921569 0.46093750 0.28800000
 48.00000000 0.18924034 0.03921569 0.40625000 0.18400000
 39.00000000 0.13517167 0.07843137 0.14843750 0.19200000
 48.00000000 0.13517167 0.06862745 0.17187500 0.25600000
 55.00000000 0.13517167 0.05882353 0.15625000 0.28000000
 50.00000000 0.13517167 0.04901961 0.12500000 0.24800000
 41.00000000 0.13517167 0.02941176 0.16406250 0.17600000
 38.00000000 0.13517167 0.02941176 0.20312500 0.15200000
 38.00000000 0.16220600 0.01960784 0.20312500 0.36000000
 59.00000000 0.18924034 0.00980392 0.21093750 0.34000000
 61.00000000 0.18924034 0.00980392 0.17968750 0.30000000
 71.00000000 0.18924034 0.00980392 0.18750000 0.36800000
 54.00000000 0.16220600 0.00980392 0.17187500 0.19600000
 37.00000000 0.13517167 0.00980392 0.21093750 0.15600000
 53.00000000 0.16220600 0.00000000 0.25781250 0.23200000
 63.00000000 0.18924034 0.00000000 0.32031250 0.26400000
 61.00000000 0.21627467 0.02941176 0.35937500 0.31600000
 142.00000000 0.40551500 0.01960784 0.41406250 0.71200000
 140.00000000 0.35117599 0.04901961 0.25000000 0.55200000
 128.00000000 0.29737767 0.08823529 0.12500000 0.49200000
 155.00000000 0.32441200 0.07843137 0.17968750 0.64800000
 129.00000000 0.29737767 0.06862745 0.22656250 0.53200000
 133.00000000 0.29737767 0.00980392 0.26562500 0.62400000
 92.00000000 0.35117599 0.00000000 0.39843750 0.34800000
 127.00000000 0.43254934 0.00000000 0.35156250 0.48800000
 178.00000000 0.59448500 0.00000000 0.29687500 0.72400000
 171.00000000 0.64882401 0.00000000 0.27343750 0.66800000
 150.00000000 0.81103001 0.00000000 0.42968750 0.58800000
 160.00000000 0.89186267 0.00980392 0.45312500 0.61600000
 171.00000000 1.00000000 0.00000000 0.57812500 0.69200000
 176.00000000 0.94620168 0.00000000 0.61718750 0.70000000
 8.00000000 0.05406867 0.00000000 0.05468750 0.02400000
 10.00000000 0.05406867 0.00000000 0.07812500 0.11200000
 22.00000000 0.10813733 0.00000000 0.07031250 0.22000000
 41.00000000 0.21627467 0.00000000 0.15625000 0.32000000
 58.00000000 0.24330900 0.00980392 0.11718750 0.28800000
 47.00000000 0.18924034 0.00000000 0.07812500 0.18400000
 40.00000000 0.18924034 0.00000000 0.05468750 0.20000000
 37.00000000 0.16220600 0.00000000 0.05468750 0.13600000
 33.00000000 0.18924034 0.01960784 0.06250000 0.24800000
 3.00000000 0.05406867 0.00000000 0.00000000 0.00400000
 13.00000000 0.08110300 0.00000000 0.02343750 0.23200000
 15.00000000 0.05406867 0.00000000 0.03125000 0.08800000
 19.00000000 0.05406867 0.00000000 0.05468750 0.17600000
 19.00000000 0.08110300 0.00000000 0.10937500 0.51200000
 21.00000000 0.08110300 0.00000000 0.09375000 0.17600000
 25.00000000 0.08110300 0.00000000 0.08593750 0.20400000
 27.00000000 0.08110300 0.00000000 0.07812500 0.18800000
 27.00000000 0.10813733 0.00000000 0.07031250 0.14800000
 30.00000000 0.10813733 0.00000000 0.07812500 0.22800000
 30.00000000 0.10813733 0.00000000 0.07031250 0.21600000
 27.00000000 0.10813733 0.00000000 0.07031250 0.17600000
 30.00000000 0.10813733 0.00000000 0.08593750 0.24000000
 26.00000000 0.10813733 0.00000000 0.08593750 0.16800000
 22.00000000 0.08110300 0.00000000 0.05468750 0.19200000
 17.00000000 0.08110300 0.00000000 0.02343750 0.17200000
 48.00000000 0.16220600 0.01960784 0.26562500 0.35200000
 45.00000000 0.13517167 0.00980392 0.19531250 0.36800000
 39.00000000 0.13517167 0.00980392 0.22656250 0.31600000
 36.00000000 0.13517167 0.00980392 0.25000000 0.16800000
 32.00000000 0.13517167 0.00000000 0.14062500 0.19200000
 33.00000000 0.10813733 0.00000000 0.10156250 0.12800000
 18.00000000 0.08110300 0.00000000 0.07031250 0.11200000
 16.00000000 0.08110300 0.00000000 0.07812500 0.04400000
 19.00000000 0.10813733 0.01960784 0.07812500 0.10000000
 19.00000000 0.10813733 0.00980392 0.10156250 0.16000000
 22.00000000 0.13517167 0.01960784 0.11718750 0.18800000
 22.00000000 0.13517167 0.13725490 0.20312500 0.25200000
 32.00000000 0.16220600 0.12745098 0.31250000 0.26400000
 31.00000000 0.16220600 0.14705882 0.29687500 0.21600000
 24.00000000 0.10813733 0.05882353 0.12500000 0.20400000
 24.00000000 0.10813733 0.05882353 0.13281250 0.12000000
 25.00000000 0.10813733 0.03921569 0.12500000 0.47200000
 34.00000000 0.10813733 0.00980392 0.17187500 0.35600000
 42.00000000 0.13517167 0.00000000 0.17968750 0.35600000
 44.00000000 0.16220600 0.01960784 0.26562500 0.40800000
 48.00000000 0.16220600 0.00000000 0.22656250 0.41600000
 47.00000000 0.16220600 0.00000000 0.24218750 0.29600000
 50.00000000 0.16220600 0.00000000 0.22656250 0.28800000
 49.00000000 0.13517167 0.00000000 0.17968750 0.25600000
 48.00000000 0.13517167 0.00000000 0.13281250 0.20800000
 51.00000000 0.13517167 0.00000000 0.12500000 0.24000000
 44.00000000 0.13517167 0.00000000 0.17187500 0.21600000
 44.00000000 0.13517167 0.00000000 0.26562500 0.23600000
 46.00000000 0.13517167 0.00000000 0.21875000 0.23600000
 47.00000000 0.13517167 0.00000000 0.19531250 0.20000000
 49.00000000 0.13517167 0.00000000 0.18750000 0.22400000
 13.00000000 0.08110300 0.00000000 0.02343750 0.18000000
 10.00000000 0.08110300 0.00000000 0.08593750 0.05200000
 21.00000000 0.10813733 0.00000000 0.17968750 0.11600000
 14.00000000 0.08110300 0.00000000 0.03906250 0.04000000
 13.00000000 0.08110300 0.00000000 0.01562500 0.11600000
 20.00000000 0.10813733 0.00000000 0.08593750 0.16000000
 34.00000000 0.13517167 0.00980392 0.14062500 0.12000000
 25.00000000 0.10813733 0.02941176 0.04687500 0.08000000
 23.00000000 0.08110300 0.00000000 0.03906250 0.10800000
 27.00000000 0.10813733 0.00000000 0.07812500 0.14400000
 40.00000000 0.13517167 0.00000000 0.11718750 0.18000000
 38.00000000 0.13517167 0.00000000 0.10937500 0.19200000
 37.00000000 0.13517167 0.00000000 0.10156250 0.18400000
 37.00000000 0.13517167 0.00000000 0.11718750 0.16000000
 39.00000000 0.13517167 0.00000000 0.10937500 0.19200000
 43.00000000 0.13517167 0.00000000 0.10156250 0.16000000
 68.00000000 0.16220600 0.00000000 0.10156250 0.27600000
 170.00000000 0.29737767 0.00000000 0.17968750 0.66800000
 160.00000000 0.32441200 0.00980392 0.33593750 0.68800000
 135.00000000 0.29737767 0.00980392 0.20312500 0.72000000
 87.00000000 0.32441200 0.01960784 0.05468750 0.36800000
 172.00000000 0.48634766 0.04901961 0.13281250 0.66800000
 165.00000000 0.54068667 0.02941176 0.24218750 0.64400000
 15.00000000 0.13517167 0.00000000 0.07031250 0.07200000
 39.00000000 0.18924034 0.04901961 0.13281250 0.37200000
 48.00000000 0.24330900 0.04901961 0.14843750 0.26400000
 10.00000000 0.08110300 0.05882353 0.09375000 0.06000000
 18.00000000 0.08110300 0.02941176 0.02343750 0.15200000
 20.00000000 0.08110300 0.01960784 0.03906250 0.10400000
 14.00000000 0.05406867 0.00980392 0.07031250 0.08800000
 23.00000000 0.08110300 0.01960784 0.14062500 0.12000000
 42.00000000 0.13517167 0.07843137 0.23437500 0.37600000
 45.00000000 0.13517167 0.06862745 0.25781250 0.36400000
 29.00000000 0.10813733 0.01960784 0.10156250 0.21600000
 31.00000000 0.10813733 0.01960784 0.07812500 0.20800000
 34.00000000 0.10813733 0.00980392 0.10156250 0.22800000
 45.00000000 0.16220600 0.04901961 0.70312500 0.35600000
 43.00000000 0.16220600 0.05882353 0.66406250 0.32400000
 42.00000000 0.16220600 0.04901961 0.25000000 0.39200000
 62.00000000 0.18924034 0.06862745 0.35156250 0.48000000
 32.00000000 0.13517167 0.03921569 0.14843750 0.26400000
 34.00000000 0.16220600 0.00980392 0.26562500 0.44000000
 15.00000000 0.13517167 0.00980392 0.26562500 0.24400000
 27.00000000 0.10813733 0.05882353 0.19531250 0.13200000
 46.00000000 0.18924034 0.07843137 0.24218750 0.35200000
 37.00000000 0.16220600 0.15686275 0.36718750 0.34800000
 53.00000000 0.18924034 0.20588235 0.34375000 0.37200000
 28.00000000 0.16220600 0.18627451 0.25000000 0.25200000
 35.00000000 0.10813733 0.11764706 0.11718750 0.13200000
 3.00000000 0.10813733 0.09803922 0.07812500 0.24000000
 26.00000000 0.10813733 0.04901961 0.17968750 0.34000000
 3.00000000 0.18924034 0.02941176 0.30468750 0.36800000
 3.00000000 0.18924034 0.03921569 0.34375000 0.35200000
 3.00000000 0.13517167 0.02941176 0.25781250 0.19600000
 3.00000000 0.13517167 0.01960784 0.21093750 0.24000000
 31.00000000 0.13517167 0.00000000 0.20312500 0.32000000
 45.00000000 0.16220600 0.00000000 0.25000000 0.24400000
 3.00000000 0.10813733 0.00000000 0.01562500 0.01600000
 3.00000000 0.10813733 0.00000000 0.22656250 0.03600000
 23.00000000 0.16220600 0.00000000 0.37500000 0.23600000
 3.00000000 0.10813733 0.00000000 0.11718750 0.04800000
 3.00000000 0.08110300 0.00000000 0.06250000 0.01200000
 3.00000000 0.10813733 0.00000000 0.07812500 0.08000000
 14.00000000 0.13517167 0.05882353 0.15625000 0.14800000
 3.00000000 0.08110300 0.00000000 0.02343750 0.09200000
 3.00000000 0.13517167 0.00980392 0.12500000 0.24800000
 3.00000000 0.13517167 0.00980392 0.19531250 0.26800000
 3.00000000 0.16220600 0.00980392 0.27343750 0.30800000
 3.00000000 0.18924034 0.00980392 0.29687500 0.38800000
 3.00000000 0.16220600 0.00000000 0.21093750 0.27600000
 3.00000000 0.16220600 0.00000000 0.17968750 0.24000000
 3.00000000 0.16220600 0.00000000 0.17187500 0.27600000
 3.00000000 0.16220600 0.00000000 0.10937500 0.18800000
 3.00000000 0.16220600 0.00000000 0.10156250 0.26400000
 53.00000000 0.32441200 0.01960784 0.20312500 0.70000000
 151.00000000 0.48634766 0.02941176 0.19531250 1.00000000
 76.00000000 0.29737767 0.00980392 0.09375000 0.40000000
 70.00000000 0.29737767 0.01960784 0.13281250 0.55200000
 96.00000000 0.29737767 0.01960784 0.10156250 0.58400000
 89.00000000 0.40551500 0.05882353 0.14062500 0.61600000
 3.00000000 0.27034334 0.06862745 0.19531250 0.48400000
 3.00000000 0.13517167 0.00000000 0.17968750 0.00000000
 3.00000000 0.10813733 0.00000000 0.09375000 0.08000000
 3.00000000 0.13517167 0.00000000 0.15625000 0.01200000
 43.00000000 0.32441200 0.02941176 0.13281250 0.33200000
 58.00000000 0.40551500 0.02941176 0.12500000 0.34800000
 58.00000000 0.40551500 0.02941176 0.12500000 0.28000000
 62.00000000 0.43254934 0.01960784 0.20312500 0.30000000
 61.00000000 0.43254934 0.00000000 0.22656250 0.24000000
 56.00000000 0.43254934 0.00000000 0.28125000 0.23200000
 65.00000000 0.45958367 0.00000000 0.28125000 0.33200000
 76.00000000 0.43254934 0.00980392 0.25000000 0.40800000
 79.00000000 0.40551500 0.00000000 0.21093750 0.49600000
 72.00000000 0.32441200 0.00000000 0.21093750 0.39600000
 3.00000000 0.05406867 0.00000000 0.02343750 0.00000000
 3.00000000 0.05406867 0.00000000 0.02343750 0.01600000
 7.00000000 0.05406867 0.00000000 0.02343750 0.02000000
 16.00000000 0.05406867 0.00000000 0.04687500 0.04400000
 13.00000000 0.05406867 0.00000000 0.12500000 0.10000000
 19.00000000 0.13517167 0.00000000 0.33593750 0.26000000
 38.00000000 0.18924034 0.01960784 0.66406250 0.29200000
 65.00000000 0.18924034 0.01960784 0.56250000 0.60800000
 78.00000000 0.21627467 0.00000000 0.45312500 0.54400000
 44.00000000 0.10813733 0.00000000 0.35156250 0.26800000
 24.00000000 0.08110300 0.00000000 0.22656250 0.09600000
 28.00000000 0.10813733 0.00000000 0.20312500 0.12400000
 30.00000000 0.10813733 0.00000000 0.31250000 0.18000000
 24.00000000 0.10813733 0.00000000 0.27343750 0.21200000
 25.00000000 0.10813733 0.00000000 0.22656250 0.27200000
 19.00000000 0.10813733 0.00000000 0.15625000 0.18000000
 13.00000000 0.08110300 0.00000000 0.10937500 0.03600000
 16.00000000 0.08110300 0.00000000 0.07031250 0.06800000
 18.00000000 0.08110300 0.00000000 0.04687500 0.08800000
 12.00000000 0.08110300 0.02941176 0.12500000 0.14400000
 39.00000000 0.13517167 0.04901961 0.16406250 0.26000000
 46.00000000 0.18924034 0.06862745 0.30468750 0.37600000
 172.00000000 0.45958367 0.29411765 0.67187500 0.85200000
 68.00000000 0.21627467 0.15686275 0.16406250 0.25200000
 69.00000000 0.21627467 0.14705882 0.18750000 0.34400000
 62.00000000 0.18924034 0.05882353 0.24218750 0.23600000
 31.00000000 0.10813733 0.00000000 0.18750000 0.16800000
 34.00000000 0.10813733 0.00000000 0.16406250 0.20400000
 60.00000000 0.16220600 0.00000000 0.19531250 0.32000000
 57.00000000 0.16220600 0.00000000 0.25781250 0.33600000
 57.00000000 0.16220600 0.00000000 0.29687500 0.29200000
 45.00000000 0.16220600 0.00000000 0.28906250 0.19200000
 20.00000000 0.08110300 0.00000000 0.25000000 0.08400000
 24.00000000 0.08110300 0.00000000 0.26562500 0.15200000
 35.00000000 0.10813733 0.00980392 0.25000000 0.18400000
 48.00000000 0.10813733 0.00980392 0.21093750 0.20800000
 50.00000000 0.13517167 0.00980392 0.26562500 0.30000000
 60.00000000 0.16220600 0.00000000 0.35156250 0.29600000
 74.00000000 0.18924034 0.00000000 0.35937500 0.35200000
 54.00000000 0.18924034 0.00000000 0.45312500 0.26400000
 21.00000000 0.08110300 0.00000000 0.05468750 0.08800000
 25.00000000 0.10813733 0.00000000 0.05468750 0.11200000
 36.00000000 0.13517167 0.00000000 0.11718750 0.20800000
 54.00000000 0.18924034 0.00000000 0.18750000 0.38800000
 68.00000000 0.21627467 0.00000000 0.25000000 0.32400000
 67.00000000 0.21627467 0.00000000 0.31250000 0.34800000
 74.00000000 0.21627467 0.00000000 0.33593750 0.34800000
 89.00000000 0.18924034 0.00000000 0.30468750 0.36000000
 96.00000000 0.18924034 0.00000000 0.29687500 0.36800000
 150.00000000 0.37848067 0.00980392 0.34375000 0.58400000
 182.00000000 0.81103001 0.00980392 0.35937500 0.76000000
