 19.00000000 0.09756098 0.00000000 0.20560748 0.04334365
 17.00000000 0.14634146 0.00000000 0.20560748 0.07739938
 34.00000000 0.19512195 0.01315789 0.27102804 0.12383901
 45.00000000 0.21951220 0.27631579 0.24299065 0.17337461
 59.00000000 0.21951220 0.23684211 0.20560748 0.22910217
 54.00000000 0.14634146 0.23684211 0.04672897 0.15479876
 57.00000000 0.19512195 0.28947368 0.11214953 0.18266254
 71.00000000 0.34146341 0.39473684 0.09345794 0.23529412
 82.00000000 0.34146341 0.36842105 0.14953271 0.23839009
 78.00000000 0.21951220 0.23684211 0.21495327 0.24148607
 80.00000000 0.24390244 0.21052632 0.19626168 0.23219814
 97.00000000 0.26829268 0.23684211 0.37383178 0.29721362
 79.00000000 0.17073171 0.21052632 0.33644860 0.23529412
 89.00000000 0.39024390 0.48684211 0.42990654 0.26625387
 109.00000000 0.46341463 0.80263158 0.37383178 0.37151703
 121.00000000 0.51219512 1.00000000 0.39252336 0.39628483
 127.00000000 0.48780488 0.98684211 0.34579439 0.44582043
 3.00000000 0.58536585 0.61842105 0.50467290 0.57275542
 3.00000000 0.51219512 0.63157895 0.36448598 0.54489164
 21.00000000 0.19512195 0.07894737 0.32710280 0.22291022
 34.00000000 0.24390244 0.11842105 0.42056075 0.13622291
 40.00000000 0.26829268 0.10526316 0.51401869 0.16099071
 40.00000000 0.31682927 0.10526316 0.63551402 0.22910217
 52.00000000 0.31682927 0.11842105 0.72897196 0.40247678
 68.00000000 0.36585366 0.19736842 0.87850467 0.60990712
 12.00000000 0.14634146 0.00000000 0.26168224 0.09287926
 3.00000000 0.14634146 0.00000000 0.28037383 0.00309598
 23.00000000 0.17073171 0.00000000 0.28037383 0.12383901
 44.00000000 0.21951220 0.03947368 0.40186916 0.18885449
 42.00000000 0.26829268 0.07894737 0.56074766 0.19195046
 48.00000000 0.29268293 0.06578947 0.57009346 0.24767802
 48.00000000 0.29268293 0.06578947 0.61682243 0.26006192
 28.00000000 0.29268293 0.07894737 0.57009346 0.18266254
 18.00000000 0.21951220 0.11842105 0.32710280 0.11764706
 3.00000000 0.19512195 0.14473684 0.18691589 0.03715170
 34.00000000 0.17073171 0.15789474 0.17757009 0.15479876
 38.00000000 0.17073171 0.17105263 0.17757009 0.19195046
 28.00000000 0.17073171 0.15789474 0.17757009 0.28482972
 58.00000000 0.17073171 0.14473684 0.17757009 0.18266254
 52.00000000 0.19512195 0.18421053 0.17757009 0.17027864
 57.00000000 0.24390244 0.23684211 0.19626168 0.27244582
 65.00000000 0.21951220 0.19736842 0.20560748 0.22910217
 84.00000000 0.19512195 0.18421053 0.20560748 0.36222910
 78.00000000 0.19512195 0.14473684 0.22429907 0.40247678
 80.00000000 0.24390244 0.10526316 0.35514019 0.44582043
 79.00000000 0.26829268 0.09210526 0.40186916 0.34674923
 74.00000000 0.36585366 0.07894737 0.75700935 0.50773994
 65.00000000 0.29268293 0.11842105 0.71028037 0.31578947
 76.00000000 0.24390244 0.22368421 0.58878505 0.35913313
 58.00000000 0.19512195 0.18421053 0.48598131 0.25386997
 65.00000000 0.19512195 0.14473684 0.40186916 0.27244582
 50.00000000 0.24390244 0.19736842 0.37383178 0.14551084
 63.00000000 0.29268293 0.28947368 0.46728972 0.27244582
 60.00000000 0.34146341 0.40789474 0.49532710 0.33746130
 81.00000000 0.34146341 0.47368421 0.41121495 0.39628483
 75.00000000 0.43878049 0.50000000 0.50467290 0.42724458
 94.00000000 0.39024390 0.61842105 0.48598131 0.49535604
 88.00000000 0.41463415 0.63157895 0.56074766 0.49535604
 109.00000000 0.43878049 0.57894737 0.58878505 0.57275542
 104.00000000 0.41463415 0.50000000 0.46728972 0.62538700
 90.00000000 0.36585366 0.42105263 0.35514019 0.47368421
 106.00000000 0.31682927 0.35526316 0.33644860 0.58513932
 3.00000000 0.29268293 0.32894737 0.29906542 0.12383901
 69.00000000 0.26829268 0.27631579 0.29906542 0.40866873
 97.00000000 0.26829268 0.25000000 0.40186916 0.46749226
 114.00000000 0.31682927 0.19736842 0.60747664 0.60681115
 50.00000000 0.21951220 0.21052632 0.72897196 0.43343653
 56.00000000 0.19512195 0.18421053 0.68224299 0.24458204
 71.00000000 0.17073171 0.34210526 0.58878505 0.22291022
 75.00000000 0.17073171 0.40789474 0.49532710 0.43653251
 81.00000000 0.17073171 0.42105263 0.57009346 0.45201238
 88.00000000 0.19512195 0.46052632 0.68224299 0.52012384
 92.00000000 0.19512195 0.44736842 0.76635514 0.53560372
 104.00000000 0.21951220 0.39473684 0.82242991 0.62848297
 97.00000000 0.24390244 0.44736842 0.67289720 0.59442724
 108.00000000 0.24390244 0.48684211 0.54205607 0.59752322
 118.00000000 0.24390244 0.23684211 0.44859813 0.54489164
 116.00000000 0.26829268 0.64473684 0.31775701 0.55108359
 91.00000000 0.21951220 0.46052632 0.28037383 0.52321981
 77.00000000 0.21951220 0.32894737 0.28971963 0.36842105
 116.00000000 0.19512195 0.25000000 0.27102804 0.63157895
 107.00000000 0.21951220 0.23684211 0.32710280 0.60681115
 106.00000000 0.24390244 0.21052632 0.37383178 0.50154799
 85.00000000 0.21951220 0.14473684 0.45794393 0.43343653
 104.00000000 0.24390244 0.13157895 0.73831776 0.44891641
 93.00000000 0.31682927 0.17105263 0.88785047 0.66873065
 95.00000000 0.29268293 0.34210526 0.56074766 0.46749226
 94.00000000 0.36585366 0.42105263 0.67289720 0.48297214
 86.00000000 0.39024390 0.39473684 0.70093458 0.50154799
 82.00000000 0.39024390 0.34210526 0.65420561 0.49845201
 81.00000000 0.39024390 0.28947368 0.97196262 0.47058824
 98.00000000 0.36585366 0.25000000 0.86915888 0.59752322
 93.00000000 0.34146341 0.15789474 0.88785047 0.48916409
 62.00000000 0.21951220 0.22368421 0.85981308 0.42414861
 68.00000000 0.21951220 0.27631579 0.73831776 0.41486068
 68.00000000 0.21951220 0.31578947 0.67289720 0.45510836
 89.00000000 0.29268293 0.44736842 0.69158879 0.49845201
 104.00000000 0.29268293 0.48684211 0.73831776 0.63467492
 107.00000000 0.34146341 0.47368421 0.82242991 0.65015480
 96.00000000 0.34146341 0.46052632 0.75700935 0.62538700
 121.00000000 0.29268293 0.48684211 0.50467290 0.60990712
 115.00000000 0.24390244 0.44736842 0.35514019 0.61300310
 126.00000000 0.29268293 0.36842105 0.39252336 0.66253870
 141.00000000 0.34146341 0.34210526 0.55140187 0.76160991
 157.00000000 0.36585366 0.31578947 0.75700935 0.78947368
 207.00000000 0.46341463 0.30263158 0.92523364 1.00000000
 128.00000000 0.43878049 0.26315789 0.80373832 0.47678019
 123.00000000 0.39024390 0.32894737 0.81308411 0.51083591
 112.00000000 0.39024390 0.34210526 0.91588785 0.51393189
 118.00000000 0.29268293 0.23684211 0.74766355 0.56965944
 120.00000000 0.26829268 0.23684211 0.66355140 0.53250774
 97.00000000 0.26829268 0.23684211 0.61682243 0.52321981
 91.00000000 0.24390244 0.25000000 0.63551402 0.45510836
 87.00000000 0.24390244 0.25000000 0.71028037 0.44582043
 99.00000000 0.24390244 0.25000000 0.76635514 0.60990712
 126.00000000 0.29268293 0.19736842 0.97196262 0.77708978
 116.00000000 0.36585366 0.15789474 0.99065421 0.79256966
 125.00000000 0.39024390 0.17105263 0.99065421 0.69659443
 116.00000000 0.46341463 0.14473684 0.91588785 0.64396285
 111.00000000 0.48780488 0.13157895 0.86915888 0.76470588
 95.00000000 0.48780488 0.05263158 0.86915888 0.56346749
 113.00000000 0.51219512 0.05263158 0.84112150 0.54798762
 130.00000000 0.58536585 0.07894737 0.93457944 0.58823529
 136.00000000 0.63414634 0.10526316 0.96261682 0.56656347
 158.00000000 0.75609756 0.11842105 0.87850467 0.77708978
 145.00000000 0.78024390 0.13157895 0.87850467 0.78637771
 144.00000000 0.80463415 0.15789474 0.87850467 0.69349845
 144.00000000 0.82926829 0.22368421 0.85046729 0.68730650
 132.00000000 0.75609756 0.19736842 0.93457944 0.73684211
 146.00000000 0.68268293 0.14473684 0.71028037 0.62848297
 138.00000000 0.63414634 0.11842105 0.85046729 0.71517028
 110.00000000 0.58536585 0.09210526 0.73831776 0.63157895
 86.00000000 0.39024390 0.09210526 0.54205607 0.35913313
 89.00000000 0.41463415 0.06578947 0.62616822 0.29411765
 66.00000000 0.43878049 0.05263158 0.69158879 0.35294118
 3.00000000 0.24390244 0.06578947 0.56074766 0.00000000
 3.00000000 0.12195122 0.05263158 0.37383178 0.00000000
 3.00000000 0.09756098 0.01315789 0.15887850 0.00000000
 3.00000000 0.09756098 0.00000000 0.16822430 0.04024768
 26.00000000 0.12195122 0.01315789 0.25233645 0.11764706
 3.00000000 0.12195122 0.01315789 0.22429907 0.06811146
 26.00000000 0.09756098 0.01315789 0.22429907 0.11145511
 40.00000000 0.14634146 0.01315789 0.36448598 0.35603715
 59.00000000 0.19512195 0.02631579 0.47663551 0.37770898
 70.00000000 0.21951220 0.06578947 0.92523364 0.39938080
 66.00000000 0.21951220 0.06578947 0.94392523 0.36532508
 39.00000000 0.12195122 0.07894737 0.91588785 0.25696594
 23.00000000 0.09756098 0.05263158 0.50467290 0.08049536
 14.00000000 0.09756098 0.03947368 0.53271028 0.13622291
 20.00000000 0.09756098 0.02631579 0.40186916 0.17647059
 28.00000000 0.14634146 0.05263158 0.66355140 0.24767802
 25.00000000 0.09756098 0.09210526 0.51401869 0.08978328
 30.00000000 0.12195122 0.11842105 0.50467290 0.20433437
 45.00000000 0.12195122 0.09210526 0.43925234 0.24148607
 27.00000000 0.09756098 0.03947368 0.19626168 0.12383901
 26.00000000 0.09756098 0.02631579 0.14953271 0.10835913
 30.00000000 0.09756098 0.03947368 0.18691589 0.13931889
 33.00000000 0.09756098 0.05263158 0.18691589 0.19504644
 36.00000000 0.09756098 0.06578947 0.14953271 0.16718266
 35.00000000 0.12195122 0.03947368 0.17757009 0.22910217
 39.00000000 0.12195122 0.03947368 0.28037383 0.28173375
 41.00000000 0.12195122 0.02631579 0.32710280 0.27554180
 45.00000000 0.14634146 0.03947368 0.48598131 0.35913313
 56.00000000 0.17073171 0.03947368 0.73831776 0.33126935
 56.00000000 0.19512195 0.02631579 0.77570093 0.43962848
 56.00000000 0.14634146 0.01315789 0.43925234 0.41795666
 14.00000000 0.04878049 0.00000000 0.17757009 0.04953560
 17.00000000 0.04878049 0.00000000 0.21495327 0.06191950
 20.00000000 0.04878049 0.00000000 0.14953271 0.06811146
 9.00000000 0.04878049 0.00000000 0.15887850 0.03095975
 12.00000000 0.04878049 0.00000000 0.12149533 0.03715170
 16.00000000 0.07317073 0.00000000 0.13084112 0.04953560
 28.00000000 0.14634146 0.00000000 0.13084112 0.10216718
 37.00000000 0.19512195 0.00000000 0.23364486 0.12693498
 46.00000000 0.17073171 0.17105263 0.17757009 0.13622291
 41.00000000 0.14634146 0.22368421 0.10280374 0.15479876
 44.00000000 0.14634146 0.25000000 0.07476636 0.16718266
 49.00000000 0.09756098 0.23684211 0.02803738 0.14551084
 53.00000000 0.14634146 0.35526316 0.05607477 0.20123839
 62.00000000 0.29268293 0.46052632 0.06542056 0.19195046
 76.00000000 0.60975610 0.48684211 0.08411215 0.25386997
 97.00000000 0.29268293 0.40789474 0.10280374 0.33126935
 84.00000000 0.29268293 0.32894737 0.12149533 0.26934985
 87.00000000 0.19512195 0.27631579 0.10280374 0.27244582
 94.00000000 0.19512195 0.19736842 0.18691589 0.34365325
 104.00000000 0.21951220 0.13157895 0.36448598 0.45820433
 102.00000000 0.14634146 0.35526316 0.30841121 0.38390093
 105.00000000 0.09756098 0.40789474 0.28037383 0.36842105
 92.00000000 0.07317073 0.35526316 0.24299065 0.28173375
 98.00000000 0.07317073 0.34210526 0.32710280 0.32817337
 84.00000000 0.12195122 0.27631579 0.42056075 0.29102167
 94.00000000 0.14634146 0.28947368 0.33644860 0.29102167
 79.00000000 0.24390244 0.43421053 0.31775701 0.24458204
 98.00000000 0.29268293 0.47368421 0.41121495 0.28482972
 105.00000000 0.36585366 0.68421053 0.49532710 0.34984520
 113.00000000 0.43878049 0.88157895 0.51401869 0.40866873
 129.00000000 0.46341463 0.96052632 0.57943925 0.48297214
 135.00000000 0.46341463 0.96052632 0.51401869 0.51393189
 141.00000000 0.46341463 0.92105263 0.52336449 0.51702786
 154.00000000 0.53634146 0.90789474 0.53271028 0.53869969
 161.00000000 0.46341463 0.80263158 0.34579439 0.62848297
 162.00000000 0.39024390 0.67105263 0.23364486 0.61300310
 136.00000000 0.31682927 0.55263158 0.13084112 0.47368421
 105.00000000 0.21951220 0.43421053 0.10280374 0.35913313
 83.00000000 0.12195122 0.30263158 0.07476636 0.31269350
 92.00000000 0.12195122 0.30263158 0.12149533 0.40866873
 97.00000000 0.14634146 0.31578947 0.20560748 0.44891641
 106.00000000 0.19512195 0.19736842 0.30841121 0.52321981
 110.00000000 0.19512195 0.14473684 0.44859813 0.46130031
 96.00000000 0.12195122 0.22368421 0.37383178 0.37151703
 87.00000000 0.12195122 0.17105263 0.42990654 0.45201238
 84.00000000 0.14634146 0.13157895 0.63551402 0.47987616
 75.00000000 0.07317073 0.30263158 0.37383178 0.37461300
 80.00000000 0.09756098 0.38157895 0.50467290 0.42105263
 87.00000000 0.12195122 0.48684211 0.48598131 0.48916409
 98.00000000 0.12195122 0.52631579 0.45794393 0.49535604
 114.00000000 0.14634146 0.60526316 0.42056075 0.54798762
 129.00000000 0.17073171 0.57894737 0.35514019 0.58823529
 146.00000000 0.17073171 0.57894737 0.28971963 0.58513932
 100.00000000 0.68268293 0.53947368 0.17757009 0.55108359
 124.00000000 0.60975610 0.39473684 0.15887850 0.47678019
 115.00000000 0.56073171 0.34210526 0.16822430 0.46749226
 127.00000000 0.56073171 0.31578947 0.16822430 0.53250774
 132.00000000 0.56073171 0.31578947 0.17757009 0.54489164
 126.00000000 0.53634146 0.25000000 0.24299065 0.52631579
 125.00000000 0.53634146 0.15789474 0.33644860 0.47678019
 122.00000000 0.53634146 0.11842105 0.42990654 0.49226006
 116.00000000 0.63414634 0.36842105 0.42990654 0.56656347
 106.00000000 0.58536585 0.59210526 0.35514019 0.47678019
 91.00000000 0.53634146 0.52631579 0.38317757 0.42105263
 75.00000000 0.56073171 0.46052632 0.43925234 0.42414861
 60.00000000 0.58536585 0.43421053 0.46728972 0.37770898
 77.00000000 0.58536585 0.40789474 0.80373832 0.50154799
 72.00000000 0.60975610 0.43421053 0.72897196 0.39318885
 79.00000000 0.56073171 0.46052632 1.00000000 0.42414861
 67.00000000 0.51219512 0.34210526 0.88785047 0.39318885
 71.00000000 0.46341463 0.22368421 0.74766355 0.32507740
 70.00000000 0.46341463 0.27631579 0.71028037 0.34984520
 90.00000000 0.48780488 0.43421053 0.64485981 0.45820433
 103.00000000 0.56073171 0.56578947 0.69158879 0.47058824
 110.00000000 0.58536585 0.56578947 0.79439252 0.48297214
 125.00000000 0.60975610 0.65789474 0.72897196 0.49535604
 150.00000000 0.68268293 0.72368421 0.72897196 0.59442724
 154.00000000 0.73170732 0.77631579 0.67289720 0.69040248
 172.00000000 0.73170732 0.81578947 0.55140187 0.72445820
 170.00000000 0.63414634 0.77631579 0.39252336 0.71826625
 158.00000000 0.51219512 0.59210526 0.29906542 0.65944272
 147.00000000 0.48780488 0.50000000 0.29906542 0.61609907
 156.00000000 0.48780488 0.36842105 0.28037383 0.62848297
 170.00000000 0.51219512 0.32894737 0.29906542 0.61919505
 213.00000000 0.60975610 0.34210526 0.57943925 0.88854489
 219.00000000 0.73170732 0.44736842 0.52336449 0.81114551
 173.00000000 0.60975610 0.68421053 0.51401869 0.56965944
 158.00000000 0.53634146 0.75000000 0.51401869 0.66253870
 160.00000000 0.53634146 0.73684211 0.56074766 0.61300310
 139.00000000 0.51219512 0.61842105 0.51401869 0.56346749
 128.00000000 0.51219512 0.55263158 0.62616822 0.53250774
 129.00000000 0.48780488 0.47368421 0.64485981 0.52321981
 130.00000000 0.48780488 0.31578947 0.59813084 0.52631579
 124.00000000 0.46341463 0.32894737 0.44859813 0.52012384
 144.00000000 0.46341463 0.30263158 0.42990654 0.49535604
 154.00000000 0.51219512 0.28947368 0.41121495 0.52012384
 160.00000000 0.56073171 0.32894737 0.48598131 0.53560372
 166.00000000 0.60975610 0.34210526 0.55140187 0.58823529
 179.00000000 0.65829268 0.40789474 0.59813084 0.62848297
 194.00000000 0.73170732 0.43421053 0.67289720 0.68111455
 197.00000000 0.87804878 0.31578947 0.78504673 0.60990712
 210.00000000 1.00000000 0.27631579 0.89719626 0.68730650
 3.00000000 0.29268293 0.02631579 0.46728972 0.01547988
 16.00000000 0.31682927 0.02631579 0.42990654 0.03715170
 8.00000000 0.29268293 0.03947368 0.30841121 0.00928793
 32.00000000 0.12195122 0.05263158 0.22429907 0.17027864
 35.00000000 0.17073171 0.06578947 0.25233645 0.14551084
 38.00000000 0.17073171 0.07894737 0.20560748 0.13003096
 39.00000000 0.14634146 0.07894737 0.21495327 0.12074303
 36.00000000 0.12195122 0.05263158 0.17757009 0.10835913
 32.00000000 0.12195122 0.03947368 0.19626168 0.23529412
 47.00000000 0.14634146 0.03947368 0.23364486 0.21981424
 42.00000000 0.17073171 0.03947368 0.34579439 0.26315789
 46.00000000 0.17073171 0.02631579 0.42056075 0.27244582
 57.00000000 0.21951220 0.02631579 0.79439252 0.21671827
 58.00000000 0.21951220 0.03947368 0.85046729 0.25386997
 69.00000000 0.21951220 0.01315789 0.70093458 0.28792570
 63.00000000 0.24390244 0.00000000 0.61682243 0.28482972
 60.00000000 0.26829268 0.09210526 0.89719626 0.22600619
 54.00000000 0.19512195 0.11842105 0.84112150 0.22910217
 26.00000000 0.14634146 0.07894737 0.56074766 0.15479876
 35.00000000 0.12195122 0.09210526 0.31775701 0.17337461
 36.00000000 0.09756098 0.03947368 0.07476636 0.09907121
 37.00000000 0.12195122 0.05263158 0.08411215 0.20433437
 41.00000000 0.12195122 0.05263158 0.06542056 0.15789474
 35.00000000 0.09756098 0.03947368 0.09345794 0.11764706
 22.00000000 0.09756098 0.02631579 0.10280374 0.11764706
 35.00000000 0.09756098 0.03947368 0.07476636 0.18266254
 34.00000000 0.12195122 0.07894737 0.16822430 0.21052632
 34.00000000 0.12195122 0.10526316 0.24299065 0.22910217
 30.00000000 0.12195122 0.06578947 0.31775701 0.27863777
 41.00000000 0.17073171 0.07894737 0.54205607 0.36842105
 52.00000000 0.19512195 0.06578947 0.77570093 0.31888545
 62.00000000 0.21951220 0.13157895 0.83177570 0.47678019
 10.00000000 0.00000000 0.00000000 0.25233645 0.03095975
 31.00000000 0.02439024 0.00000000 0.27102804 0.09597523
 31.00000000 0.09756098 0.03947368 0.29906542 0.13312693
 48.00000000 0.12195122 0.06578947 0.29906542 0.15479876
 54.00000000 0.14634146 0.15789474 0.38317757 0.16408669
 40.00000000 0.04878049 0.26315789 0.14953271 0.11145511
 50.00000000 0.04878049 0.25000000 0.12149533 0.13931889
 63.00000000 0.04878049 0.23684211 0.12149533 0.18266254
 54.00000000 0.04878049 0.22368421 0.13084112 0.17956656
 57.00000000 0.04878049 0.26315789 0.13084112 0.17647059
 62.00000000 0.12195122 0.32894737 0.13084112 0.21671827
 76.00000000 0.21951220 0.38157895 0.14018692 0.25696594
 84.00000000 0.12195122 0.26315789 0.17757009 0.28792570
 98.00000000 0.12195122 0.21052632 0.22429907 0.29721362
 92.00000000 0.12195122 0.21052632 0.24299065 0.29721362
 97.00000000 0.14634146 0.21052632 0.31775701 0.31269350
 112.00000000 0.12195122 0.23684211 0.37383178 0.34984520
 109.00000000 0.07317073 0.34210526 0.35514019 0.32507740
 83.00000000 0.17073171 0.43421053 0.44859813 0.26625387
 107.00000000 0.26829268 0.67105263 0.48598131 0.33126935
 113.00000000 0.31682927 0.88157895 0.49532710 0.41176471
 121.00000000 0.31682927 0.90789474 0.49532710 0.43343653
 127.00000000 0.31682927 0.88157895 0.51401869 0.44272446
 130.00000000 0.34146341 0.93421053 0.44859813 0.45510836
 142.00000000 0.36585366 0.82894737 0.39252336 0.51083591
 154.00000000 0.39024390 0.77631579 0.46728972 0.57894737
 163.00000000 0.36585366 0.69736842 0.37383178 0.61609907
 146.00000000 0.24390244 0.57894737 0.22429907 0.50154799
 108.00000000 0.34146341 0.47368421 0.14953271 0.36222910
 89.00000000 0.24390244 0.34210526 0.15887850 0.30959752
 94.00000000 0.24390244 0.35526316 0.21495327 0.37770898
 104.00000000 0.24390244 0.36842105 0.24299065 0.45820433
 109.00000000 0.26829268 0.34210526 0.30841121 0.48606811
 120.00000000 0.29268293 0.28947368 0.52336449 0.53869969
 110.00000000 0.21951220 0.32894737 0.47663551 0.43653251
 79.00000000 0.14634146 0.25000000 0.34579439 0.38390093
 83.00000000 0.14634146 0.23684211 0.30841121 0.35294118
 77.00000000 0.14634146 0.26315789 0.39252336 0.35913313
 73.00000000 0.14634146 0.27631579 0.42990654 0.39318885
 72.00000000 0.12195122 0.32894737 0.34579439 0.37770898
 75.00000000 0.14634146 0.39473684 0.27102804 0.40247678
 83.00000000 0.14634146 0.44736842 0.24299065 0.42724458
 94.00000000 0.17073171 0.56578947 0.29906542 0.43962848
 93.00000000 0.19512195 0.52631579 0.55140187 0.48606811
 102.00000000 0.21951220 0.53947368 0.61682243 0.54798762
 109.00000000 0.21951220 0.57894737 0.49532710 0.56346749
 118.00000000 0.21951220 0.51315789 0.33644860 0.56346749
 152.00000000 0.26829268 0.68421053 0.24299065 0.60681115
 140.00000000 0.24390244 0.59210526 0.14953271 0.52321981
 130.00000000 0.21951220 0.47368421 0.14953271 0.50773994
 113.00000000 0.19512195 0.31578947 0.11214953 0.41486068
 113.00000000 0.19512195 0.28947368 0.13084112 0.46439628
 129.00000000 0.21951220 0.30263158 0.15887850 0.48606811
 124.00000000 0.21951220 0.23684211 0.21495327 0.46439628
 112.00000000 0.21951220 0.15789474 0.24299065 0.43962848
 118.00000000 0.21951220 0.14473684 0.27102804 0.46130031
 118.00000000 0.26829268 0.18421053 0.33644860 0.56346749
 110.00000000 0.36585366 0.42105263 0.32710280 0.51083591
 106.00000000 0.36585366 0.55263158 0.36448598 0.44272446
 91.00000000 0.36585366 0.53947368 0.34579439 0.35294118
 78.00000000 0.36585366 0.50000000 0.34579439 0.33746130
 82.00000000 0.31682927 0.46052632 0.31775701 0.34674923
 79.00000000 0.31682927 0.42105263 0.48598131 0.33746130
 80.00000000 0.31682927 0.40789474 0.66355140 0.37770898
 82.00000000 0.29268293 0.28947368 0.92523364 0.42105263
 67.00000000 0.26829268 0.27631579 0.79439252 0.38080495
 71.00000000 0.24390244 0.38157895 0.57009346 0.34365325
 71.00000000 0.24390244 0.47368421 0.57943925 0.36532508
 79.00000000 0.26829268 0.46052632 0.64485981 0.39938080
 89.00000000 0.26829268 0.43421053 0.64485981 0.44582043
 109.00000000 0.34146341 0.59210526 0.57009346 0.50464396
 137.00000000 0.41463415 0.68421053 0.55140187 0.58513932
 150.00000000 0.43878049 0.75000000 0.48598131 0.63157895
 157.00000000 0.46341463 0.73684211 0.46728972 0.62848297
 161.00000000 0.46341463 0.75000000 0.46728972 0.68730650
 160.00000000 0.36585366 0.67105263 0.35514019 0.68730650
 149.00000000 0.29268293 0.51315789 0.26168224 0.58823529
 156.00000000 0.29268293 0.43421053 0.24299065 0.60371517
 158.00000000 0.31682927 0.39473684 0.37383178 0.65634675
 179.00000000 0.34146341 0.30263158 0.38317757 0.72136223
 235.00000000 0.46341463 0.30263158 0.40186916 0.83281734
 186.00000000 0.43878049 0.52631579 0.41121495 0.58513932
 157.00000000 0.36585366 0.64473684 0.42990654 0.58513932
 159.00000000 0.31682927 0.67105263 0.43925234 0.60371517
 154.00000000 0.31682927 0.65789474 0.53271028 0.55727554
 143.00000000 0.26829268 0.47368421 0.46728972 0.46439628
 130.00000000 0.26829268 0.43421053 0.57009346 0.46749226
 138.00000000 0.26829268 0.39473684 0.57943925 0.47987616
 128.00000000 0.24390244 0.34210526 0.44859813 0.42414861
 131.00000000 0.24390244 0.32894737 0.57009346 0.49535604
 138.00000000 0.26829268 0.30263158 0.55140187 0.51702786
 147.00000000 0.31682927 0.31578947 0.60747664 0.56965944
 165.00000000 0.36585366 0.30263158 0.59813084 0.58204334
 171.00000000 0.41463415 0.35526316 0.59813084 0.58204334
 175.00000000 0.51219512 0.36842105 0.69158879 0.65325077
 189.00000000 0.58536585 0.28947368 0.71962617 0.65944272
 198.00000000 0.63414634 0.22368421 0.83177570 0.62229102
 172.00000000 0.60975610 0.13157895 0.73831776 0.55417957
 180.00000000 0.56073171 0.13157895 0.67289720 0.56346749
 31.00000000 0.19512195 0.02631579 0.28971963 0.10216718
 3.00000000 0.14634146 0.11842105 0.39252336 0.01857585
 18.00000000 0.17073171 0.07894737 0.33644860 0.07739938
 14.00000000 0.12195122 0.03947368 0.18691589 0.04334365
 3.00000000 0.12195122 0.03947368 0.14953271 0.01547988
 7.00000000 0.12195122 0.02631579 0.16822430 0.01238390
 32.00000000 0.14634146 0.03947368 0.23364486 0.12693498
 38.00000000 0.14634146 0.05263158 0.23364486 0.10216718
 23.00000000 0.12195122 0.02631579 0.23364486 0.06811146
 43.00000000 0.17073171 0.03947368 0.35514019 0.22600619
 54.00000000 0.19512195 0.02631579 0.41121495 0.26934985
 51.00000000 0.19512195 0.02631579 0.51401869 0.24458204
 57.00000000 0.19512195 0.02631579 0.52336449 0.20743034
 62.00000000 0.19512195 0.03947368 0.58878505 0.27863777
 62.00000000 0.19512195 0.06578947 0.58878505 0.20743034
 43.00000000 0.14634146 0.10526316 0.51401869 0.16099071
 40.00000000 0.19512195 0.09210526 0.60747664 0.15789474
 41.00000000 0.19512195 0.06578947 0.65420561 0.21052632
 41.00000000 0.19512195 0.03947368 0.86915888 0.22910217
 42.00000000 0.19512195 0.03947368 0.87850467 0.30340557
 51.00000000 0.24390244 0.10526316 0.88785047 0.34055728
 50.00000000 0.24390244 0.10526316 0.90654206 0.29721362
 43.00000000 0.19512195 0.10526316 0.78504673 0.17027864
 19.00000000 0.14634146 0.07894737 0.45794393 0.05263158
 24.00000000 0.12195122 0.05263158 0.38317757 0.20433437
 31.00000000 0.09756098 0.07894737 0.16822430 0.12074303
 38.00000000 0.09756098 0.06578947 0.18691589 0.11145511
 28.00000000 0.09756098 0.06578947 0.21495327 0.13622291
 34.00000000 0.09756098 0.09210526 0.21495327 0.17337461
 29.00000000 0.09756098 0.09210526 0.24299065 0.12693498
 32.00000000 0.09756098 0.11842105 0.26168224 0.17027864
 41.00000000 0.12195122 0.10526316 0.32710280 0.21052632
 34.00000000 0.12195122 0.07894737 0.36448598 0.24767802
 33.00000000 0.09756098 0.06578947 0.64485981 0.31578947
 49.00000000 0.12195122 0.09210526 0.61682243 0.33436533
 59.00000000 0.12195122 0.05263158 0.80373832 0.50154799
 20.00000000 0.07317073 0.00000000 0.06542056 0.06191950
 134.00000000 0.29268293 0.59210526 0.10280374 0.41486068
 165.00000000 0.34146341 0.51315789 0.15887850 0.50464396
 184.00000000 0.43878049 0.52631579 0.24299065 0.56965944
 101.00000000 0.19512195 0.23684211 0.16822430 0.43653251
 109.00000000 0.21951220 0.19736842 0.19626168 0.44272446
 114.00000000 0.21951220 0.09210526 0.16822430 0.41176471
 118.00000000 0.21951220 0.06578947 0.17757009 0.36842105
 124.00000000 0.21951220 0.02631579 0.22429907 0.37461300
 88.00000000 0.12195122 0.09210526 0.19626168 0.30650155
 86.00000000 0.12195122 0.06578947 0.17757009 0.28173375
 85.00000000 0.12195122 0.06578947 0.15887850 0.29411765
 86.00000000 0.12195122 0.06578947 0.16822430 0.30030960
 83.00000000 0.12195122 0.07894737 0.21495327 0.39318885
 83.00000000 0.14634146 0.14473684 0.17757009 0.24767802
 107.00000000 0.17073171 0.31578947 0.29906542 0.44582043
 130.00000000 0.19512195 0.36842105 0.41121495 0.56965944
 144.00000000 0.21951220 0.38157895 0.42990654 0.61919505
 153.00000000 0.24390244 0.43421053 0.35514019 0.60990712
 163.00000000 0.24390244 0.44736842 0.28037383 0.56965944
 140.00000000 0.21951220 0.40789474 0.15887850 0.44891641
 90.00000000 0.14634146 0.13157895 0.06542056 0.30959752
 116.00000000 0.17073171 0.17105263 0.10280374 0.49226006
 142.00000000 0.19512195 0.18421053 0.16822430 0.54179567
 143.00000000 0.19512195 0.19736842 0.24299065 0.51702786
 148.00000000 0.21951220 0.10526316 0.27102804 0.61919505
 145.00000000 0.19512195 0.06578947 0.20560748 0.46130031
 160.00000000 0.24390244 0.09210526 0.21495327 0.51702786
 105.00000000 0.19512195 0.03947368 0.16822430 0.32198142
 75.00000000 0.19512195 0.30263158 0.19626168 0.27863777
 79.00000000 0.19512195 0.35526316 0.19626168 0.37461300
 90.00000000 0.24390244 0.43421053 0.22429907 0.39628483
 107.00000000 0.31682927 0.51315789 0.25233645 0.41486068
 123.00000000 0.31682927 0.53947368 0.22429907 0.49535604
 133.00000000 0.34146341 0.50000000 0.23364486 0.57894737
 143.00000000 0.39024390 0.53947368 0.28971963 0.58823529
 147.00000000 0.43878049 0.57894737 0.33644860 0.61609907
 140.00000000 0.43878049 0.48684211 0.29906542 0.68111455
 136.00000000 0.41463415 0.40789474 0.26168224 0.56037152
 132.00000000 0.36585366 0.30263158 0.20560748 0.50773994
 137.00000000 0.36585366 0.22368421 0.22429907 0.47987616
 150.00000000 0.39024390 0.21052632 0.18691589 0.59133127
 156.00000000 0.39024390 0.14473684 0.18691589 0.55727554
 168.00000000 0.39024390 0.11842105 0.16822430 0.54489164
 122.00000000 0.21951220 0.06578947 0.18691589 0.38080495
 117.00000000 0.21951220 0.06578947 0.16822430 0.43962848
 119.00000000 0.21951220 0.06578947 0.15887850 0.42724458
 122.00000000 0.24390244 0.03947368 0.34579439 0.41486068
 126.00000000 0.26829268 0.00000000 0.20560748 0.40557276
 12.00000000 0.14634146 0.00000000 0.00000000 0.03715170
 38.00000000 0.19512195 0.00000000 0.05607477 0.12074303
 25.00000000 0.14634146 0.00000000 0.03738318 0.32817337
 32.00000000 0.14634146 0.00000000 0.08411215 0.10216718
 15.00000000 0.07317073 0.00000000 0.05607477 0.04953560
 18.00000000 0.07317073 0.00000000 0.08411215 0.10526316
 15.00000000 0.09756098 0.00000000 0.18691589 0.22291022
 20.00000000 0.09756098 0.00000000 0.19626168 0.08049536
 20.00000000 0.09756098 0.00000000 0.13084112 0.06191950
 23.00000000 0.07317073 0.00000000 0.07476636 0.08668731
 28.00000000 0.09756098 0.00000000 0.10280374 0.17647059
 36.00000000 0.12195122 0.00000000 0.14953271 0.19814241
 50.00000000 0.14634146 0.02631579 0.22429907 0.18575851
 40.00000000 0.12195122 0.02631579 0.18691589 0.15789474
 32.00000000 0.12195122 0.03947368 0.18691589 0.10526316
 26.00000000 0.09756098 0.02631579 0.11214953 0.13931889
 24.00000000 0.09756098 0.00000000 0.08411215 0.13003096
 28.00000000 0.09756098 0.01315789 0.10280374 0.17027864
 32.00000000 0.12195122 0.01315789 0.11214953 0.28792570
 28.00000000 0.12195122 0.01315789 0.07476636 0.22291022
 32.00000000 0.09756098 0.00000000 0.08411215 0.26006192
 18.00000000 0.04878049 0.00000000 0.01869159 0.05263158
 3.00000000 0.07317073 0.00000000 0.00934579 0.02476780
 3.00000000 0.09756098 0.00000000 0.01869159 0.04024768
 27.00000000 0.14634146 0.00000000 0.10280374 0.14241486
 3.00000000 0.14634146 0.00000000 0.15887850 0.13312693
 3.00000000 0.17073171 0.13157895 0.12149533 0.19814241
 3.00000000 0.17073171 0.10526316 0.07476636 0.22910217
 3.00000000 0.31682927 0.22368421 0.21495327 0.32507740
 3.00000000 0.17073171 0.22368421 0.16822430 0.31578947
 8.00000000 0.14634146 0.23684211 0.19626168 0.31269350
 3.00000000 0.14634146 0.21052632 0.14018692 0.27863777
 3.00000000 0.17073171 0.19736842 0.12149533 0.23219814
 3.00000000 0.14634146 0.07894737 0.07476636 0.24148607
 12.00000000 0.17073171 0.27631579 0.16822430 0.32198142
 3.00000000 0.26829268 0.65789474 0.09345794 0.37461300
 3.00000000 0.26829268 0.60526316 0.07476636 0.38699690
 3.00000000 0.29268293 0.53947368 0.12149533 0.45201238
 47.00000000 0.17073171 0.05263158 0.28971963 0.25386997
 59.00000000 0.17073171 0.07894737 0.35514019 0.27863777
 58.00000000 0.14634146 0.07894737 0.29906542 0.24148607
 29.00000000 0.09756098 0.03947368 0.07476636 0.13312693
 24.00000000 0.09756098 0.05263158 0.08411215 0.16408669
 30.00000000 0.12195122 0.05263158 0.14018692 0.21052632
 43.00000000 0.14634146 0.05263158 0.25233645 0.24148607
 39.00000000 0.14634146 0.02631579 0.15887850 0.23219814
 43.00000000 0.14634146 0.02631579 0.12149533 0.18575851
 22.00000000 0.07317073 0.00000000 0.17757009 0.12693498
 12.00000000 0.07317073 0.00000000 0.21495327 0.03095975
 30.00000000 0.07317073 0.00000000 0.22429907 0.10835913
 33.00000000 0.07317073 0.00000000 0.28037383 0.09597523
 34.00000000 0.09756098 0.00000000 0.28971963 0.09907121
 46.00000000 0.12195122 0.00000000 0.29906542 0.24767802
 58.00000000 0.17073171 0.00000000 0.29906542 0.26006192
 64.00000000 0.21951220 0.07894737 0.28971963 0.18885449
 76.00000000 0.17073171 0.06578947 0.13084112 0.24458204
 70.00000000 0.14634146 0.05263158 0.10280374 0.21671827
 66.00000000 0.21951220 0.11842105 0.09345794 0.21362229
 97.00000000 0.24390244 0.14473684 0.12149533 0.39318885
 94.00000000 0.17073171 0.07894737 0.28971963 0.34984520
 99.00000000 0.17073171 0.01315789 0.23364486 0.43653251
 80.00000000 0.17073171 0.00000000 0.27102804 0.24148607
 99.00000000 0.14634146 0.00000000 0.28037383 0.33746130
 85.00000000 0.19512195 0.00000000 0.18691589 0.26006192
 86.00000000 0.17073171 0.00000000 0.14953271 0.30340557
 102.00000000 0.21951220 0.00000000 0.29906542 0.35294118
 116.00000000 0.24390244 0.00000000 0.34579439 0.36532508
 131.00000000 0.24390244 0.03947368 0.29906542 0.48606811
 119.00000000 0.41463415 0.36842105 0.25233645 0.39628483
 128.00000000 0.46341463 0.44736842 0.26168224 0.51083591
 146.00000000 0.53634146 0.44736842 0.31775701 0.58823529
 165.00000000 0.53634146 0.42105263 0.35514019 0.69349845
 63.00000000 0.31682927 0.00000000 0.16822430 0.44582043
 101.00000000 0.29268293 0.00000000 0.14953271 0.39318885
 73.00000000 0.21951220 0.00000000 0.18691589 0.31888545
 81.00000000 0.21951220 0.00000000 0.30841121 0.35603715
 88.00000000 0.24390244 0.00000000 0.48598131 0.40557276
 106.00000000 0.26829268 0.00000000 0.69158879 0.48606811
 134.00000000 0.26829268 0.00000000 0.60747664 0.60061920
 116.00000000 0.21951220 0.00000000 0.67289720 0.49845201
 105.00000000 0.26829268 0.00000000 0.64485981 0.43653251
 95.00000000 0.29268293 0.00000000 0.60747664 0.40247678
 97.00000000 0.31682927 0.00000000 0.63551402 0.44582043
 90.00000000 0.26829268 0.00000000 0.57943925 0.37461300
 93.00000000 0.24390244 0.00000000 0.60747664 0.38390093
 104.00000000 0.26829268 0.00000000 0.69158879 0.44582043
 107.00000000 0.26829268 0.00000000 0.70093458 0.48606811
 129.00000000 0.31682927 0.00000000 0.56074766 0.53869969
 132.00000000 0.31682927 0.00000000 0.48598131 0.60061920
 116.00000000 0.29268293 0.00000000 0.39252336 0.48606811
 119.00000000 0.29268293 0.00000000 0.35514019 0.46439628
 139.00000000 0.29268293 0.00000000 0.31775701 0.51702786
 157.00000000 0.29268293 0.00000000 0.26168224 0.54489164
 146.00000000 0.26829268 0.00000000 0.20560748 0.51393189
 136.00000000 0.24390244 0.00000000 0.16822430 0.49535604
 129.00000000 0.21951220 0.00000000 0.14953271 0.44582043
 105.00000000 0.19512195 0.00000000 0.13084112 0.36842105
 147.00000000 0.24390244 0.00000000 0.18691589 0.54179567
 187.00000000 0.34146341 0.00000000 0.34579439 0.65944272
 151.00000000 0.29268293 0.06578947 0.47663551 0.53560372
 123.00000000 0.26829268 0.07894737 0.42056075 0.52321981
 110.00000000 0.29268293 0.07894737 0.32710280 0.49226006
 98.00000000 0.26829268 0.17105263 0.33644860 0.43343653
 102.00000000 0.19512195 0.09210526 0.37383178 0.45510836
 84.00000000 0.14634146 0.05263158 0.27102804 0.29721362
 61.00000000 0.14634146 0.06578947 0.28037383 0.23529412
 51.00000000 0.14634146 0.06578947 0.33644860 0.22910217
 50.00000000 0.14634146 0.05263158 0.35514019 0.21362229
 52.00000000 0.14634146 0.03947368 0.31775701 0.22600619
 52.00000000 0.14634146 0.01315789 0.36448598 0.21671827
 55.00000000 0.14634146 0.00000000 0.41121495 0.25386997
 74.00000000 0.26829268 0.01315789 0.41121495 0.36842105
 92.00000000 0.39024390 0.00000000 0.31775701 0.47678019
 112.00000000 0.46341463 0.00000000 0.31775701 0.50773994
 119.00000000 0.51219512 0.00000000 0.33644860 0.49535604
 122.00000000 0.51219512 0.00000000 0.33644860 0.49845201
 126.00000000 0.53634146 0.00000000 0.31775701 0.50154799
 132.00000000 0.53634146 0.01315789 0.28037383 0.53869969
 150.00000000 0.51219512 0.03947368 0.28037383 0.60061920
 163.00000000 0.51219512 0.10526316 0.29906542 0.66563467
 164.00000000 0.43878049 0.10526316 0.24299065 0.60371517
 156.00000000 0.34146341 0.03947368 0.21495327 0.55727554
 156.00000000 0.34146341 0.03947368 0.26168224 0.60061920
 183.00000000 0.51219512 0.00000000 0.35514019 0.69969040
 195.00000000 0.48780488 0.00000000 0.33644860 0.67492260
 201.00000000 0.41463415 0.00000000 0.36448598 0.69659443
 161.00000000 0.29268293 0.10526316 0.40186916 0.50464396
 138.00000000 0.24390244 0.17105263 0.24299065 0.47678019
 133.00000000 0.24390244 0.18421053 0.20560748 0.40866873
 109.00000000 0.19512195 0.18421053 0.21495327 0.33436533
 102.00000000 0.19512195 0.13157895 0.23364486 0.36222910
 111.00000000 0.19512195 0.11842105 0.24299065 0.37770898
 116.00000000 0.21951220 0.17105263 0.28037383 0.41795666
 127.00000000 0.36585366 0.19736842 0.27102804 0.45201238
 152.00000000 0.46341463 0.21052632 0.36448598 0.55108359
 167.00000000 0.56073171 0.17105263 0.44859813 0.60061920
 171.00000000 0.63414634 0.17105263 0.42990654 0.60371517
 175.00000000 0.75609756 0.18421053 0.43925234 0.60681115
 177.00000000 0.80463415 0.21052632 0.52336449 0.60990712
 173.00000000 0.75609756 0.11842105 0.56074766 0.56965944
 175.00000000 0.73170732 0.02631579 0.57009346 0.53869969
 3.00000000 0.07317073 0.00000000 0.07476636 0.00000000
 3.00000000 0.07317073 0.00000000 0.07476636 0.00000000
 8.00000000 0.09756098 0.00000000 0.06542056 0.03095975
 8.00000000 0.07317073 0.00000000 0.05607477 0.00619195
 3.00000000 0.07317073 0.00000000 0.04672897 0.00000000
 3.00000000 0.04878049 0.00000000 0.03738318 0.00000000
 3.00000000 0.04878049 0.00000000 0.03738318 0.00000000
 3.00000000 0.04878049 0.00000000 0.04672897 0.00928793
 3.00000000 0.07317073 0.00000000 0.04672897 0.01547988
 7.00000000 0.09756098 0.00000000 0.05607477 0.04024768
 30.00000000 0.09756098 0.00000000 0.07476636 0.09907121
 45.00000000 0.12195122 0.00000000 0.10280374 0.17956656
 48.00000000 0.14634146 0.00000000 0.14953271 0.18575851
 42.00000000 0.14634146 0.00000000 0.18691589 0.14241486
 47.00000000 0.19512195 0.00000000 0.34579439 0.20433437
 56.00000000 0.21951220 0.00000000 0.47663551 0.27244582
 67.00000000 0.24390244 0.00000000 0.52336449 0.29102167
 68.00000000 0.24390244 0.00000000 0.75700935 0.29102167
 62.00000000 0.24390244 0.01315789 0.91588785 0.21981424
 53.00000000 0.24390244 0.00000000 0.85981308 0.23839009
 76.00000000 0.21951220 0.00000000 0.44859813 0.22600619
 86.00000000 0.24390244 0.00000000 0.35514019 0.31578947
 70.00000000 0.21951220 0.00000000 0.54205607 0.21052632
 25.00000000 0.12195122 0.00000000 0.23364486 0.09907121
 40.00000000 0.12195122 0.00000000 0.15887850 0.15789474
 46.00000000 0.21951220 0.00000000 0.12149533 0.25696594
 36.00000000 0.17073171 0.00000000 0.12149533 0.19195046
 33.00000000 0.12195122 0.00000000 0.16822430 0.15170279
 30.00000000 0.12195122 0.00000000 0.25233645 0.15479876
 42.00000000 0.14634146 0.00000000 0.36448598 0.25077399
 43.00000000 0.14634146 0.00000000 0.28971963 0.35603715
 48.00000000 0.14634146 0.00000000 0.21495327 0.27863777
 53.00000000 0.31682927 0.00000000 0.18691589 0.33436533
