 21.00000000 0.02439024 0.00000000 0.21000000 0.10447761
 38.00000000 0.07317073 0.00000000 0.27000000 0.23383085
 54.00000000 0.17073171 0.08064516 0.37000000 0.45771144
 116.00000000 0.31707317 0.08064516 0.20000000 0.76616915
 169.00000000 0.39024390 0.08064516 0.23000000 0.83084577
 171.00000000 0.43902439 0.17741935 0.25000000 0.83582090
 73.00000000 0.24390244 0.04838710 0.27000000 0.39303483
 88.00000000 0.26829268 0.06451613 0.35000000 0.47263682
 96.00000000 0.26829268 0.11290323 0.37000000 0.44278607
 96.00000000 0.24390244 0.09677419 0.41000000 0.48756219
 108.00000000 0.26829268 0.11290323 0.37000000 0.62189055
 112.00000000 0.26829268 0.12903226 0.33000000 0.52736318
 47.00000000 0.17073171 0.06451613 0.20000000 0.21890547
 50.00000000 0.17073171 0.09677419 0.24000000 0.27363184
 60.00000000 0.19512195 0.11290323 0.28000000 0.29850746
 74.00000000 0.24390244 0.12903226 0.55000000 0.44776119
 90.00000000 0.24390244 0.20967742 0.49000000 0.47263682
 105.00000000 0.31707317 0.08064516 0.61000000 0.53731343
 132.00000000 0.39024390 0.12903226 0.51000000 0.73631841
 69.00000000 0.29268293 0.24193548 0.26000000 0.35323383
 101.00000000 0.43902439 0.54838710 0.46000000 0.49751244
 133.00000000 0.46341463 0.66129032 0.51000000 0.66169154
 133.00000000 0.46341463 0.66129032 0.51000000 0.66169154
 71.00000000 0.31707317 0.30645161 0.67000000 0.35323383
 91.00000000 0.29268293 0.20967742 0.55000000 0.43781095
 30.00000000 0.09756098 0.00000000 0.30000000 0.11442786
 30.00000000 0.09756098 0.00000000 0.30000000 0.11442786
 30.00000000 0.09756098 0.00000000 0.30000000 0.11442786
 30.00000000 0.09756098 0.00000000 0.30000000 0.11442786
 28.00000000 0.09756098 0.00000000 0.30000000 0.14427861
 37.00000000 0.09756098 0.00000000 0.30000000 0.18905473
 29.00000000 0.07317073 0.00000000 0.31000000 0.18407960
 39.00000000 0.07317073 0.00000000 0.34000000 0.19900498
 41.00000000 0.09756098 0.00000000 0.35000000 0.22388060
 39.00000000 0.09756098 0.01612903 0.41000000 0.21890547
 43.00000000 0.09756098 0.11290323 0.40000000 0.19900498
 37.00000000 0.12195122 0.09677419 0.45000000 0.21393035
 40.00000000 0.14634146 0.06451613 0.45000000 0.31343284
 49.00000000 0.14634146 0.06451613 0.50000000 0.26368159
 55.00000000 0.14634146 0.08064516 0.45000000 0.27363184
 64.00000000 0.17073171 0.04838710 0.48000000 0.29850746
 70.00000000 0.17073171 0.04838710 0.47000000 0.32338308
 74.00000000 0.17073171 0.03225806 0.66000000 0.35820896
 74.00000000 0.19512195 0.01612903 0.76000000 0.34825871
 76.00000000 0.19512195 0.03225806 0.97000000 0.45273632
 81.00000000 0.17073171 0.03225806 0.82000000 0.39800995
 71.00000000 0.17073171 0.04838710 0.54000000 0.33333333
 18.00000000 0.02439024 0.00000000 0.29000000 0.05970149
 32.00000000 0.00000000 0.04838710 0.41000000 0.12437811
 17.00000000 0.07317073 0.04838710 0.69000000 0.14427861
 46.00000000 0.21951220 0.06451613 0.69000000 0.41791045
 7.00000000 0.17073171 0.04838710 1.00000000 0.12437811
 19.00000000 0.07317073 0.00000000 0.56000000 0.10447761
 18.00000000 0.07317073 0.00000000 0.55000000 0.11940299
 21.00000000 0.09756098 0.00000000 0.47000000 0.15920398
 17.00000000 0.09756098 0.00000000 0.39000000 0.22388060
 20.00000000 0.09756098 0.00000000 0.34000000 0.12935323
 20.00000000 0.12195122 0.00000000 0.37000000 0.23383085
 19.00000000 0.09756098 0.00000000 0.23000000 0.17412935
 18.00000000 0.07317073 0.00000000 0.20000000 0.06467662
 50.00000000 0.07317073 0.06451613 0.29000000 0.29353234
 83.00000000 0.26829268 0.38709677 0.44000000 0.53233831
 78.00000000 0.34146341 0.32258065 0.57000000 0.60696517
 62.00000000 0.26829268 0.27419355 0.56000000 0.46766169
 46.00000000 0.24390244 0.29032258 0.61000000 0.31840796
 40.00000000 0.36585366 0.50000000 0.65000000 0.29353234
 34.00000000 0.14634146 0.19354839 0.55000000 0.30348259
 28.00000000 0.12195122 0.20967742 0.46000000 0.15422886
 21.00000000 0.17073171 0.37096774 0.32000000 0.16915423
 35.00000000 0.24390244 0.35483871 0.41000000 0.28358209
 36.00000000 0.34146341 0.35483871 0.39000000 0.17910448
 40.00000000 0.46341463 0.58064516 0.53000000 0.21890547
 50.00000000 0.60975610 0.82258065 0.63000000 0.33333333
 54.00000000 0.63414634 0.96774194 0.67000000 0.42786070
 55.00000000 0.60975610 1.00000000 0.65000000 0.44776119
 51.00000000 0.53658537 0.85483871 0.60000000 0.40298507
 59.00000000 0.60975610 0.74193548 0.52000000 0.43283582
 61.00000000 0.63414634 0.11290323 0.47000000 0.45771144
 32.00000000 0.46341463 0.04838710 0.54000000 0.16915423
 77.00000000 0.17073171 0.00000000 0.60000000 0.72139303
 66.00000000 0.17073171 0.00000000 0.42000000 0.32835821
 75.00000000 0.19512195 0.00000000 0.41000000 0.56716418
 36.00000000 0.12195122 0.00000000 0.25000000 0.51243781
 62.00000000 0.19512195 0.00000000 0.31000000 0.66169154
 64.00000000 0.21951220 0.00000000 0.43000000 0.75124378
 70.00000000 0.21951220 0.00000000 0.38000000 0.61194030
 78.00000000 0.19512195 0.00000000 0.45000000 0.46766169
 74.00000000 0.21951220 0.00000000 0.71000000 0.68159204
 84.00000000 0.24390244 0.00000000 0.87000000 0.45273632
 82.00000000 0.24390244 0.00000000 0.91000000 0.37810945
 62.00000000 0.19512195 0.00000000 0.85000000 0.51741294
 66.00000000 0.21951220 0.00000000 0.74000000 0.32835821
 66.00000000 0.21951220 0.00000000 0.78000000 0.44776119
 58.00000000 0.19512195 0.00000000 0.42000000 0.31343284
 69.00000000 0.29268293 0.00000000 0.74000000 0.55223881
 76.00000000 0.24390244 0.00000000 0.71000000 0.52238806
 79.00000000 0.21951220 0.00000000 0.61000000 0.51741294
 84.00000000 0.24390244 0.00000000 0.58000000 0.50746269
 90.00000000 0.24390244 0.00000000 0.67000000 0.55721393
 87.00000000 0.19512195 0.00000000 0.35000000 0.50248756
 97.00000000 0.24390244 0.00000000 0.23000000 0.57213930
 82.00000000 0.21951220 0.01612903 0.22000000 0.65174129
 88.00000000 0.26829268 0.00000000 0.25000000 0.53731343
 88.00000000 0.26829268 0.00000000 0.25000000 0.42288557
 87.00000000 0.26829268 0.00000000 0.27000000 0.42786070
 106.00000000 0.29268293 0.00000000 0.51000000 0.62189055
 116.00000000 0.31707317 0.00000000 0.77000000 0.72139303
 100.00000000 0.29268293 0.00000000 0.69000000 0.45771144
 90.00000000 0.26829268 0.00000000 0.98000000 0.67164179
 97.00000000 0.29268293 0.00000000 0.98000000 0.73631841
 95.00000000 0.26829268 0.00000000 0.87000000 0.54726368
 88.00000000 0.26829268 0.00000000 0.80000000 0.51243781
 82.00000000 0.26829268 0.00000000 0.75000000 0.47263682
 114.00000000 0.26829268 0.04838710 0.28000000 0.58706468
 114.00000000 0.26829268 0.04838710 0.28000000 0.58706468
 64.00000000 0.24390244 0.03225806 0.33000000 0.43283582
 73.00000000 0.24390244 0.03225806 0.37000000 0.32835821
 73.00000000 0.24390244 0.03225806 0.37000000 0.32835821
 67.00000000 0.24390244 0.03225806 0.63000000 0.34825871
 65.00000000 0.24390244 0.03225806 0.84000000 0.52238806
 85.00000000 0.24390244 0.01612903 0.82000000 0.74626866
 49.00000000 0.12195122 0.00000000 0.35000000 0.39303483
 61.00000000 0.14634146 0.00000000 0.41000000 0.50746269
 21.00000000 0.07317073 0.00000000 0.15000000 0.08955224
 21.00000000 0.07317073 0.00000000 0.15000000 0.08955224
 21.00000000 0.07317073 0.00000000 0.15000000 0.08955224
 21.00000000 0.07317073 0.00000000 0.15000000 0.08955224
 22.00000000 0.09756098 0.00000000 0.14000000 0.12935323
 23.00000000 0.09756098 0.00000000 0.13000000 0.22388060
 24.00000000 0.09756098 0.00000000 0.16000000 0.29353234
 28.00000000 0.09756098 0.00000000 0.36000000 0.30845771
 31.00000000 0.09756098 0.00000000 0.20000000 0.22885572
 32.00000000 0.12195122 0.00000000 0.23000000 0.32338308
 35.00000000 0.12195122 0.00000000 0.24000000 0.37810945
 39.00000000 0.14634146 0.00000000 0.27000000 0.21890547
 43.00000000 0.14634146 0.00000000 0.45000000 0.45771144
 45.00000000 0.17073171 0.00000000 0.63000000 0.53233831
 56.00000000 0.17073171 0.00000000 0.64000000 0.52238806
 58.00000000 0.17073171 0.00000000 0.74000000 0.49751244
 56.00000000 0.17073171 0.00000000 0.69000000 0.37313433
 55.00000000 0.17073171 0.00000000 0.83000000 0.51243781
 66.00000000 0.17073171 0.00000000 0.84000000 0.28855721
 66.00000000 0.14634146 0.00000000 0.76000000 0.35323383
 70.00000000 0.19512195 0.00000000 0.77000000 0.46268657
 42.00000000 0.14634146 0.00000000 0.64000000 0.43283582
 8.00000000 0.04878049 0.03225806 0.14000000 0.08955224
 10.00000000 0.04878049 0.04838710 0.14000000 0.17412935
 8.00000000 0.07317073 0.04838710 0.24000000 0.02985075
 14.00000000 0.07317073 0.04838710 0.32000000 0.11940299
 28.00000000 0.09756098 0.00000000 0.53000000 0.54228856
 31.00000000 0.12195122 0.06451613 0.71000000 0.27363184
 31.00000000 0.12195122 0.06451613 0.71000000 0.27363184
 12.00000000 0.07317073 0.00000000 0.21000000 0.02487562
 14.00000000 0.07317073 0.00000000 0.24000000 0.03980100
 23.00000000 0.12195122 0.00000000 0.79000000 0.47263682
 11.00000000 0.07317073 0.00000000 0.19000000 0.05472637
 27.00000000 0.12195122 0.00000000 0.75000000 0.19900498
 23.00000000 0.12195122 0.00000000 0.55000000 0.18905473
 22.00000000 0.14634146 0.00000000 0.61000000 0.21890547
 15.00000000 0.14634146 0.00000000 0.43000000 0.28855721
 20.00000000 0.12195122 0.00000000 0.41000000 0.08457711
 20.00000000 0.12195122 0.00000000 0.52000000 0.16417910
 22.00000000 0.07317073 0.00000000 0.39000000 0.09950249
 23.00000000 0.09756098 0.00000000 0.32000000 0.27363184
 24.00000000 0.09756098 0.00000000 0.27000000 0.17412935
 23.00000000 0.07317073 0.00000000 0.19000000 0.18407960
 24.00000000 0.09756098 0.00000000 0.22000000 0.34825871
 3.00000000 0.21951220 0.00000000 0.36000000 0.39800995
 3.00000000 0.60975610 0.03225806 0.47000000 0.88059701
 3.00000000 0.46341463 0.04838710 0.56000000 0.70149254
 3.00000000 0.51219512 0.08064516 0.62000000 0.63184080
 3.00000000 0.56097561 0.14516129 0.59000000 0.54228856
 3.00000000 0.26829268 0.11290323 0.90000000 0.29850746
 3.00000000 0.21951220 0.08064516 0.81000000 0.42786070
 3.00000000 0.14634146 0.08064516 0.74000000 0.34328358
 3.00000000 0.17073171 0.11290323 0.62000000 0.36815920
 3.00000000 0.26829268 0.16129032 0.69000000 0.39800995
 7.00000000 0.48780488 0.32258065 0.72000000 0.39800995
 3.00000000 0.60975610 0.41935484 0.84000000 0.50248756
 3.00000000 0.63414634 0.32258065 0.88000000 0.49253731
 24.00000000 0.56097561 0.16129032 0.86000000 0.35820896
 13.00000000 0.56097561 0.04838710 0.81000000 0.50746269
 18.00000000 0.56097561 0.00000000 0.79000000 0.27363184
 18.00000000 0.51219512 0.00000000 0.77000000 0.17412935
 21.00000000 0.48780488 0.00000000 0.66000000 0.19900498
 18.00000000 0.43902439 0.00000000 0.61000000 0.16915423
 3.00000000 0.31707317 0.00000000 0.37000000 0.18905473
 17.00000000 0.34146341 0.00000000 0.34000000 0.20895522
 58.00000000 0.39024390 0.00000000 0.58000000 0.50248756
 58.00000000 0.39024390 0.00000000 0.67000000 0.31840796
 58.00000000 0.39024390 0.00000000 0.58000000 0.43283582
 56.00000000 0.36585366 0.00000000 0.49000000 0.28855721
 72.00000000 0.39024390 0.00000000 0.58000000 0.42786070
 65.00000000 0.36585366 0.00000000 0.41000000 0.32338308
 84.00000000 0.31707317 0.00000000 0.55000000 0.45771144
 87.00000000 0.36585366 0.00000000 0.48000000 0.46268657
 126.00000000 0.24390244 0.00000000 0.59000000 0.80597015
 136.00000000 0.26829268 0.00000000 0.79000000 0.94029851
 144.00000000 0.29268293 0.00000000 0.84000000 0.98507463
 168.00000000 0.26829268 0.01612903 0.71000000 1.00000000
 178.00000000 0.26829268 0.01612903 0.64000000 0.90547264
 33.00000000 0.07317073 0.01612903 0.20000000 0.14427861
 23.00000000 0.07317073 0.03225806 0.16000000 0.07960199
 25.00000000 0.07317073 0.03225806 0.13000000 0.19402985
 50.00000000 0.14634146 0.04838710 0.17000000 0.54726368
 68.00000000 0.24390244 0.06451613 0.16000000 0.58208955
 105.00000000 0.26829268 0.03225806 0.28000000 0.60696517
 94.00000000 0.26829268 0.00000000 0.35000000 0.60199005
 94.00000000 0.26829268 0.00000000 0.36000000 0.50746269
 89.00000000 0.24390244 0.00000000 0.38000000 0.41293532
 95.00000000 0.24390244 0.00000000 0.54000000 0.53233831
 106.00000000 0.29268293 0.01612903 0.51000000 0.55223881
 108.00000000 0.26829268 0.00000000 0.73000000 0.54228856
 64.00000000 0.14634146 0.00000000 0.60000000 0.36815920
 61.00000000 0.14634146 0.00000000 0.55000000 0.26368159
 62.00000000 0.14634146 0.00000000 0.55000000 0.33830846
 56.00000000 0.14634146 0.00000000 0.54000000 0.32338308
 66.00000000 0.19512195 0.01612903 0.73000000 0.48756219
 71.00000000 0.17073171 0.06451613 0.52000000 0.43283582
 75.00000000 0.17073171 0.06451613 0.34000000 0.45273632
 91.00000000 0.21951220 0.08064516 0.57000000 0.54726368
 103.00000000 0.21951220 0.08064516 0.53000000 0.54726368
 97.00000000 0.21951220 0.08064516 0.43000000 0.56218905
 80.00000000 0.19512195 0.09677419 0.15000000 0.36318408
 60.00000000 0.17073171 0.12903226 0.05000000 0.35323383
 63.00000000 0.19512195 0.11290323 0.06000000 0.31840796
 62.00000000 0.19512195 0.12903226 0.04000000 0.33333333
 46.00000000 0.12195122 0.04838710 0.07000000 0.21393035
 34.00000000 0.09756098 0.01612903 0.11000000 0.20895522
 32.00000000 0.09756098 0.01612903 0.19000000 0.23880597
 46.00000000 0.14634146 0.00000000 0.40000000 0.39800995
 49.00000000 0.14634146 0.00000000 0.41000000 0.47263682
 84.00000000 0.19512195 0.01612903 0.73000000 0.59701493
 101.00000000 0.21951220 0.00000000 0.57000000 0.79104478
 97.00000000 0.21951220 0.00000000 0.43000000 0.68656716
 98.00000000 0.24390244 0.00000000 0.42000000 0.53233831
 108.00000000 0.29268293 0.03225806 0.64000000 0.64179104
 62.00000000 0.26829268 0.16129032 0.14000000 0.34825871
 62.00000000 0.26829268 0.16129032 0.14000000 0.34825871
 55.00000000 0.24390244 0.16129032 0.13000000 0.28855721
 84.00000000 0.34146341 0.32258065 0.23000000 0.51741294
 106.00000000 0.41463415 0.43548387 0.31000000 0.61194030
 120.00000000 0.41463415 0.53225806 0.31000000 0.68159204
 120.00000000 0.41463415 0.53225806 0.31000000 0.68159204
 101.00000000 0.39024390 0.35483871 0.27000000 0.51741294
 82.00000000 0.39024390 0.12903226 0.28000000 0.54228856
 84.00000000 0.39024390 0.12903226 0.43000000 0.52238806
 17.00000000 0.04878049 0.00000000 0.11000000 0.16417910
 20.00000000 0.04878049 0.00000000 0.08000000 0.15422886
 18.00000000 0.04878049 0.00000000 0.07000000 0.13432836
 22.00000000 0.07317073 0.00000000 0.09000000 0.15920398
 24.00000000 0.07317073 0.00000000 0.10000000 0.25373134
 28.00000000 0.07317073 0.04838710 0.10000000 0.24875622
 29.00000000 0.07317073 0.06451613 0.11000000 0.29850746
 28.00000000 0.09756098 0.04838710 0.19000000 0.24875622
 34.00000000 0.09756098 0.03225806 0.29000000 0.34328358
 35.00000000 0.09756098 0.01612903 0.27000000 0.25870647
 46.00000000 0.09756098 0.01612903 0.30000000 0.33333333
 50.00000000 0.12195122 0.00000000 0.62000000 0.45771144
 70.00000000 0.12195122 0.00000000 0.71000000 0.48258706
 74.00000000 0.12195122 0.00000000 0.61000000 0.52238806
 74.00000000 0.14634146 0.01612903 0.70000000 0.51741294
 69.00000000 0.17073171 0.08064516 0.78000000 0.41293532
 55.00000000 0.19512195 0.12903226 0.97000000 0.43781095
 29.00000000 0.17073171 0.11290323 0.80000000 0.14427861
 11.00000000 0.04878049 0.00000000 0.25000000 0.01990050
 7.00000000 0.04878049 0.00000000 0.32000000 0.00497512
 6.00000000 0.02439024 0.04838710 0.46000000 0.16915423
 15.00000000 0.02439024 0.04838710 0.49000000 0.33333333
 39.00000000 0.12195122 0.03225806 0.48000000 0.59701493
 39.00000000 0.12195122 0.03225806 0.48000000 0.59701493
 49.00000000 0.12195122 0.06451613 0.53000000 0.63681592
 53.00000000 0.14634146 0.03225806 0.94000000 0.48756219
 22.00000000 0.09756098 0.00000000 0.67000000 0.42786070
 20.00000000 0.07317073 0.00000000 0.65000000 0.51243781
 11.00000000 0.04878049 0.00000000 0.52000000 0.09950249
 15.00000000 0.09756098 0.00000000 0.47000000 0.17910448
 13.00000000 0.09756098 0.00000000 0.46000000 0.20895522
 12.00000000 0.12195122 0.00000000 0.57000000 0.26368159
 17.00000000 0.12195122 0.01612903 0.57000000 0.39303483
 15.00000000 0.12195122 0.00000000 0.60000000 0.29850746
 14.00000000 0.09756098 0.00000000 0.51000000 0.23880597
 18.00000000 0.07317073 0.03225806 0.36000000 0.14427861
 17.00000000 0.07317073 0.01612903 0.22000000 0.25373134
 14.00000000 0.04878049 0.01612903 0.11000000 0.07960199
 22.00000000 0.07317073 0.06451613 0.09000000 0.20895522
 38.00000000 0.14634146 0.12903226 0.13000000 0.39800995
 36.00000000 0.14634146 0.14516129 0.14000000 0.25870647
 39.00000000 0.29268293 0.30645161 0.22000000 0.55223881
 72.00000000 0.41463415 0.53225806 0.42000000 0.93532338
 71.00000000 0.41463415 0.46774194 0.45000000 0.68656716
 60.00000000 0.36585366 0.45161290 0.44000000 0.58706468
 56.00000000 0.31707317 0.33870968 0.48000000 0.53731343
 52.00000000 0.24390244 0.24193548 0.74000000 0.57213930
 44.00000000 0.29268293 0.41935484 0.83000000 0.52238806
 39.00000000 0.21951220 0.32258065 0.69000000 0.44776119
 29.00000000 0.09756098 0.20967742 0.47000000 0.28855721
 29.00000000 0.09756098 0.29032258 0.42000000 0.21890547
 27.00000000 0.14634146 0.33870968 0.37000000 0.27860697
 30.00000000 0.21951220 0.33870968 0.45000000 0.26368159
 34.00000000 0.34146341 0.40322581 0.49000000 0.30845771
 35.00000000 0.48780488 0.70967742 0.59000000 0.31840796
 45.00000000 0.58536585 0.96774194 0.74000000 0.47263682
 48.00000000 0.56097561 0.98387097 0.73000000 0.46766169
 44.00000000 0.48780488 0.88709677 0.63000000 0.44278607
 56.00000000 0.65853659 0.83870968 0.68000000 0.54228856
 67.00000000 0.70731707 0.24193548 0.77000000 0.56716418
 48.00000000 0.46341463 0.09677419 0.76000000 0.30845771
 71.00000000 0.53658537 0.09677419 0.75000000 0.38805970
 61.00000000 0.39024390 0.22580645 0.80000000 0.31840796
 66.00000000 0.43902439 0.17741935 0.98000000 0.41293532
 68.00000000 0.43902439 0.20967742 0.97000000 0.39303483
 71.00000000 0.41463415 0.20967742 0.86000000 0.41791045
 69.00000000 0.39024390 0.16129032 0.88000000 0.34825871
 73.00000000 0.36585366 0.09677419 0.90000000 0.59701493
 75.00000000 0.34146341 0.11290323 0.86000000 0.42786070
 70.00000000 0.29268293 0.14516129 0.57000000 0.45771144
 82.00000000 0.31707317 0.11290323 0.71000000 0.53233831
 81.00000000 0.31707317 0.11290323 0.77000000 0.48756219
 86.00000000 0.36585366 0.14516129 0.75000000 0.51243781
 94.00000000 0.31707317 0.14516129 0.64000000 0.47761194
 102.00000000 0.26829268 0.04838710 0.51000000 0.55721393
 113.00000000 0.39024390 0.00000000 0.66000000 0.52736318
 137.00000000 0.36585366 0.00000000 0.70000000 0.66666667
 152.00000000 0.39024390 0.01612903 0.75000000 0.80597015
 161.00000000 0.39024390 0.00000000 0.84000000 0.77611940
 122.00000000 0.24390244 0.04838710 0.40000000 0.65174129
 130.00000000 0.26829268 0.04838710 0.57000000 0.66169154
 55.00000000 0.19512195 0.04838710 0.73000000 0.44278607
 107.00000000 0.26829268 0.04838710 0.82000000 0.81094527
 158.00000000 0.26829268 0.04838710 0.63000000 0.84577114
 120.00000000 0.29268293 0.08064516 0.48000000 0.61691542
 12.00000000 0.07317073 0.04838710 0.08000000 0.04477612
 21.00000000 0.07317073 0.04838710 0.08000000 0.07462687
 19.00000000 0.07317073 0.04838710 0.09000000 0.06467662
 18.00000000 0.09756098 0.04838710 0.12000000 0.12437811
 54.00000000 0.19512195 0.08064516 0.28000000 0.57711443
 72.00000000 0.24390244 0.06451613 0.29000000 0.51243781
 78.00000000 0.26829268 0.04838710 0.37000000 0.50746269
 80.00000000 0.26829268 0.04838710 0.44000000 0.49751244
 91.00000000 0.26829268 0.04838710 0.41000000 0.48258706
 72.00000000 0.24390244 0.04838710 0.41000000 0.32338308
 90.00000000 0.26829268 0.08064516 0.28000000 0.46268657
 63.00000000 0.17073171 0.06451613 0.38000000 0.29353234
 66.00000000 0.17073171 0.06451613 0.41000000 0.31343284
 65.00000000 0.19512195 0.09677419 0.53000000 0.38308458
 67.00000000 0.21951220 0.11290323 0.54000000 0.44776119
 73.00000000 0.24390244 0.09677419 0.62000000 0.48756219
 76.00000000 0.24390244 0.09677419 0.65000000 0.50248756
 87.00000000 0.26829268 0.09677419 0.68000000 0.53731343
 82.00000000 0.24390244 0.08064516 0.45000000 0.48756219
 84.00000000 0.21951220 0.09677419 0.27000000 0.44776119
 78.00000000 0.21951220 0.16129032 0.16000000 0.42786070
 71.00000000 0.24390244 0.16129032 0.14000000 0.39800995
 71.00000000 0.24390244 0.14516129 0.14000000 0.36815920
 58.00000000 0.19512195 0.09677419 0.16000000 0.26368159
 48.00000000 0.17073171 0.08064516 0.19000000 0.31840796
 45.00000000 0.14634146 0.08064516 0.21000000 0.18407960
 45.00000000 0.14634146 0.06451613 0.41000000 0.38308458
 48.00000000 0.17073171 0.06451613 0.51000000 0.42288557
 47.00000000 0.17073171 0.08064516 0.40000000 0.38308458
 61.00000000 0.17073171 0.12903226 0.33000000 0.43283582
 74.00000000 0.19512195 0.16129032 0.37000000 0.46268657
 79.00000000 0.21951220 0.16129032 0.42000000 0.45771144
 80.00000000 0.21951220 0.11290323 0.53000000 0.50248756
 95.00000000 0.24390244 0.12903226 0.65000000 0.57711443
 97.00000000 0.24390244 0.12903226 0.59000000 0.52238806
 110.00000000 0.26829268 0.17741935 0.49000000 0.58706468
 69.00000000 0.21951220 0.17741935 0.19000000 0.33333333
 69.00000000 0.21951220 0.17741935 0.19000000 0.33333333
 52.00000000 0.19512195 0.16129032 0.17000000 0.24875622
 41.00000000 0.19512195 0.14516129 0.26000000 0.20398010
 45.00000000 0.24390244 0.19354839 0.29000000 0.36815920
 62.00000000 0.31707317 0.22580645 0.39000000 0.53731343
 62.00000000 0.31707317 0.22580645 0.39000000 0.53731343
 74.00000000 0.29268293 0.19354839 0.34000000 0.53731343
 77.00000000 0.29268293 0.19354839 0.37000000 0.55721393
 73.00000000 0.29268293 0.22580645 0.35000000 0.39303483
 68.00000000 0.24390244 0.22580645 0.46000000 0.42288557
 69.00000000 0.26829268 0.19354839 0.45000000 0.45273632
 73.00000000 0.24390244 0.30645161 0.57000000 0.49253731
 80.00000000 0.19512195 0.17741935 0.26000000 0.38308458
 40.00000000 0.09756098 0.08064516 0.21000000 0.20895522
 53.00000000 0.12195122 0.08064516 0.27000000 0.31343284
 28.00000000 0.12195122 0.09677419 0.31000000 0.13930348
 18.00000000 0.09756098 0.06451613 0.25000000 0.10945274
 21.00000000 0.07317073 0.04838710 0.17000000 0.11442786
 21.00000000 0.07317073 0.04838710 0.17000000 0.11442786
 21.00000000 0.07317073 0.04838710 0.17000000 0.11442786
 21.00000000 0.07317073 0.04838710 0.17000000 0.11442786
 23.00000000 0.07317073 0.04838710 0.19000000 0.13432836
 22.00000000 0.07317073 0.06451613 0.17000000 0.19900498
 23.00000000 0.07317073 0.06451613 0.16000000 0.19402985
 24.00000000 0.07317073 0.06451613 0.17000000 0.22388060
 25.00000000 0.07317073 0.06451613 0.17000000 0.25373134
 29.00000000 0.09756098 0.11290323 0.24000000 0.25870647
 31.00000000 0.09756098 0.08064516 0.25000000 0.28358209
 28.00000000 0.09756098 0.06451613 0.21000000 0.22885572
 40.00000000 0.12195122 0.08064516 0.26000000 0.31343284
 47.00000000 0.12195122 0.08064516 0.36000000 0.37810945
 46.00000000 0.12195122 0.08064516 0.33000000 0.37810945
 49.00000000 0.14634146 0.06451613 0.46000000 0.40796020
 59.00000000 0.14634146 0.06451613 0.55000000 0.47263682
 66.00000000 0.14634146 0.08064516 0.70000000 0.54726368
 61.00000000 0.17073171 0.06451613 0.79000000 0.52736318
 61.00000000 0.17073171 0.04838710 0.86000000 0.55721393
 71.00000000 0.17073171 0.06451613 0.76000000 0.54228856
 76.00000000 0.14634146 0.08064516 0.47000000 0.52238806
 71.00000000 0.14634146 0.12903226 0.46000000 0.47263682
 55.00000000 0.17073171 0.17741935 0.48000000 0.23383085
 29.00000000 0.14634146 0.17741935 0.46000000 0.11940299
 26.00000000 0.12195122 0.17741935 0.49000000 0.18905473
 13.00000000 0.09756098 0.11290323 0.33000000 0.14427861
 18.00000000 0.07317073 0.09677419 0.25000000 0.06965174
 14.00000000 0.07317073 0.06451613 0.54000000 0.07960199
 42.00000000 1.00000000 0.41935484 0.77000000 0.72139303
 49.00000000 0.56097561 0.16129032 0.69000000 0.25870647
 77.00000000 0.51219512 0.14516129 0.66000000 0.44278607
 53.00000000 0.39024390 0.24193548 0.60000000 0.27363184
 58.00000000 0.36585366 0.22580645 0.64000000 0.30348259
 65.00000000 0.41463415 0.20967742 0.83000000 0.39800995
 74.00000000 0.41463415 0.17741935 0.87000000 0.35820896
 78.00000000 0.29268293 0.14516129 0.58000000 0.39800995
 81.00000000 0.31707317 0.16129032 0.74000000 0.45273632
 81.00000000 0.31707317 0.17741935 0.71000000 0.41791045
 90.00000000 0.29268293 0.14516129 0.56000000 0.45273632
 92.00000000 0.34146341 0.08064516 0.55000000 0.44278607
 22.00000000 0.09756098 0.00000000 0.02000000 0.07960199
 29.00000000 0.12195122 0.00000000 0.05000000 0.13432836
 33.00000000 0.12195122 0.00000000 0.15000000 0.17910448
 62.00000000 0.14634146 0.00000000 0.34000000 0.37313433
 68.00000000 0.14634146 0.00000000 0.49000000 0.40796020
 60.00000000 0.14634146 0.00000000 0.31000000 0.27363184
 53.00000000 0.12195122 0.00000000 0.27000000 0.30845771
 55.00000000 0.14634146 0.00000000 0.23000000 0.31840796
 49.00000000 0.12195122 0.00000000 0.10000000 0.25870647
 34.00000000 0.09756098 0.00000000 0.07000000 0.18905473
 22.00000000 0.09756098 0.00000000 0.06000000 0.12437811
 28.00000000 0.07317073 0.00000000 0.05000000 0.12935323
 21.00000000 0.07317073 0.00000000 0.09000000 0.10945274
 19.00000000 0.07317073 0.00000000 0.08000000 0.14925373
 18.00000000 0.07317073 0.00000000 0.06000000 0.09950249
 15.00000000 0.07317073 0.00000000 0.05000000 0.10945274
 18.00000000 0.07317073 0.00000000 0.05000000 0.08955224
 19.00000000 0.07317073 0.00000000 0.05000000 0.10447761
 18.00000000 0.07317073 0.00000000 0.06000000 0.07960199
 19.00000000 0.07317073 0.00000000 0.05000000 0.09452736
 24.00000000 0.09756098 0.00000000 0.05000000 0.11442786
 30.00000000 0.09756098 0.00000000 0.07000000 0.16915423
 40.00000000 0.12195122 0.00000000 0.16000000 0.18407960
 49.00000000 0.14634146 0.00000000 0.13000000 0.24378109
 56.00000000 0.17073171 0.00000000 0.09000000 0.24875622
 62.00000000 0.17073171 0.00000000 0.21000000 0.31840796
 76.00000000 0.19512195 0.00000000 0.20000000 0.42786070
 96.00000000 0.24390244 0.00000000 0.45000000 0.54228856
 117.00000000 0.26829268 0.00000000 0.54000000 0.62686567
 117.00000000 0.24390244 0.00000000 0.30000000 0.57711443
 122.00000000 0.29268293 0.00000000 0.18000000 0.60199005
 124.00000000 0.24390244 0.00000000 0.22000000 0.60199005
 123.00000000 0.26829268 0.00000000 0.24000000 0.58706468
 107.00000000 0.24390244 0.00000000 0.13000000 0.49751244
 96.00000000 0.21951220 0.00000000 0.13000000 0.48756219
 96.00000000 0.21951220 0.01612903 0.15000000 0.56716418
 94.00000000 0.24390244 0.01612903 0.17000000 0.55721393
 96.00000000 0.24390244 0.00000000 0.20000000 0.58706468
 87.00000000 0.24390244 0.00000000 0.11000000 0.43283582
 54.00000000 0.14634146 0.00000000 0.07000000 0.24378109
 131.00000000 0.41463415 0.04838710 0.22000000 0.67661692
 131.00000000 0.41463415 0.04838710 0.22000000 0.67661692
 74.00000000 0.19512195 0.01612903 0.20000000 0.39303483
 3.00000000 0.34146341 0.00000000 0.13000000 0.45273632
 3.00000000 0.34146341 0.00000000 0.13000000 0.45273632
 3.00000000 0.34146341 0.00000000 0.13000000 0.45273632
 3.00000000 0.34146341 0.00000000 0.13000000 0.45273632
 65.00000000 0.14634146 0.00000000 0.17000000 0.56716418
 89.00000000 0.14634146 0.00000000 0.15000000 0.51741294
 58.00000000 0.09756098 0.00000000 0.11000000 0.25373134
 37.00000000 0.04878049 0.00000000 0.10000000 0.25870647
 38.00000000 0.04878049 0.00000000 0.10000000 0.32338308
 38.00000000 0.04878049 0.00000000 0.13000000 0.34825871
 33.00000000 0.04878049 0.00000000 0.24000000 0.35323383
 34.00000000 0.04878049 0.00000000 0.17000000 0.32338308
 33.00000000 0.04878049 0.00000000 0.14000000 0.23383085
 36.00000000 0.04878049 0.00000000 0.13000000 0.19900498
 38.00000000 0.04878049 0.00000000 0.09000000 0.17412935
 22.00000000 0.07317073 0.00000000 0.08000000 0.16915423
 12.00000000 0.12195122 0.24193548 0.11000000 0.08955224
 16.00000000 0.12195122 0.24193548 0.10000000 0.12437811
 19.00000000 0.09756098 0.22580645 0.11000000 0.08457711
 19.00000000 0.09756098 0.17741935 0.07000000 0.11940299
 16.00000000 0.07317073 0.11290323 0.04000000 0.12437811
 23.00000000 0.04878049 0.04838710 0.03000000 0.08457711
 13.00000000 0.04878049 0.01612903 0.01000000 0.05472637
 10.00000000 0.04878049 0.04838710 0.01000000 0.13930348
 10.00000000 0.02439024 0.03225806 0.01000000 0.08457711
 8.00000000 0.00000000 0.00000000 0.00000000 0.09452736
 9.00000000 0.00000000 0.00000000 0.08000000 0.11940299
 14.00000000 0.02439024 0.00000000 0.07000000 0.06467662
 9.00000000 0.02439024 0.00000000 0.04000000 0.02985075
 8.00000000 0.02439024 0.00000000 0.00000000 0.00497512
 7.00000000 0.02439024 0.00000000 0.00000000 0.00000000
 8.00000000 0.02439024 0.00000000 0.03000000 0.00000000
 13.00000000 0.04878049 0.00000000 0.08000000 0.06467662
 9.00000000 0.04878049 0.00000000 0.04000000 0.08457711
 7.00000000 0.04878049 0.00000000 0.08000000 0.09452736
 10.00000000 0.04878049 0.00000000 0.06000000 0.09950249
 3.00000000 0.04878049 0.00000000 0.10000000 0.05970149
 14.00000000 0.04878049 0.00000000 0.12000000 0.21890547
 23.00000000 0.07317073 0.00000000 0.11000000 0.16915423
 20.00000000 0.04878049 0.00000000 0.05000000 0.15422886
 27.00000000 0.07317073 0.00000000 0.09000000 0.24875622
 32.00000000 0.07317073 0.00000000 0.12000000 0.29850746
 27.00000000 0.04878049 0.00000000 0.14000000 0.21393035
 25.00000000 0.02439024 0.00000000 0.12000000 0.32835821
 30.00000000 0.07317073 0.00000000 0.13000000 0.30845771
 48.00000000 0.19512195 0.00000000 0.14000000 0.34328358
 63.00000000 0.31707317 0.04838710 0.16000000 0.50746269
 64.00000000 0.29268293 0.01612903 0.15000000 0.41293532
 63.00000000 0.26829268 0.00000000 0.13000000 0.38308458
 54.00000000 0.19512195 0.03225806 0.14000000 0.32835821
 49.00000000 0.17073171 0.03225806 0.14000000 0.33830846
 42.00000000 0.14634146 0.01612903 0.15000000 0.21393035
 36.00000000 0.14634146 0.03225806 0.15000000 0.18905473
 30.00000000 0.14634146 0.01612903 0.13000000 0.17910448
 27.00000000 0.17073171 0.06451613 0.14000000 0.10447761
 25.00000000 0.17073171 0.08064516 0.12000000 0.20398010
 25.00000000 0.19512195 0.04838710 0.15000000 0.23383085
 30.00000000 0.24390244 0.16129032 0.17000000 0.21393035
 32.00000000 0.29268293 0.20967742 0.32000000 0.27860697
 32.00000000 0.31707317 0.24193548 0.34000000 0.23383085
 34.00000000 0.36585366 0.14516129 0.42000000 0.39303483
 47.00000000 0.39024390 0.04838710 0.53000000 0.25870647
 47.00000000 0.34146341 0.00000000 0.39000000 0.20895522
 63.00000000 0.26829268 0.00000000 0.08000000 0.28358209
 65.00000000 0.19512195 0.00000000 0.47000000 0.38308458
 73.00000000 0.19512195 0.00000000 0.65000000 0.43283582
 59.00000000 0.14634146 0.00000000 0.45000000 0.37313433
 50.00000000 0.12195122 0.00000000 0.22000000 0.24875622
 63.00000000 0.14634146 0.00000000 0.22000000 0.40796020
 14.00000000 0.07317073 0.00000000 0.00000000 0.02985075
 15.00000000 0.07317073 0.00000000 0.20000000 0.08955224
 37.00000000 0.12195122 0.00000000 0.27000000 0.69651741
 40.00000000 0.14634146 0.00000000 0.34000000 0.26865672
 25.00000000 0.09756098 0.00000000 0.15000000 0.10945274
 29.00000000 0.09756098 0.00000000 0.06000000 0.10945274
 34.00000000 0.12195122 0.00000000 0.38000000 0.21890547
 41.00000000 0.14634146 0.00000000 0.76000000 0.23880597
 52.00000000 0.17073171 0.00000000 0.71000000 0.42288557
 60.00000000 0.19512195 0.00000000 0.65000000 0.43781095
 74.00000000 0.19512195 0.01612903 0.54000000 0.37810945
 90.00000000 0.21951220 0.06451613 0.61000000 0.55223881
 115.00000000 0.29268293 0.06451613 0.34000000 0.80597015
 128.00000000 0.29268293 0.06451613 0.17000000 0.62686567
 118.00000000 0.24390244 0.06451613 0.23000000 0.57213930
 124.00000000 0.24390244 0.01612903 0.21000000 0.62189055
 87.00000000 0.21951220 0.08064516 0.07000000 0.48756219
 99.00000000 0.24390244 0.09677419 0.10000000 0.54228856
 91.00000000 0.24390244 0.06451613 0.15000000 0.43283582
 92.00000000 0.24390244 0.04838710 0.26000000 0.53233831
 95.00000000 0.29268293 0.00000000 0.47000000 0.52736318
 72.00000000 0.21951220 0.00000000 0.24000000 0.36318408
 78.00000000 0.21951220 0.01612903 0.25000000 0.35820896
 113.00000000 0.41463415 0.17741935 0.35000000 0.58706468
 130.00000000 0.43902439 0.11290323 0.35000000 0.78606965
 64.00000000 0.19512195 0.08064516 0.27000000 0.51243781
 95.00000000 0.19512195 0.09677419 0.30000000 0.45771144
 104.00000000 0.21951220 0.09677419 0.26000000 0.57711443
 111.00000000 0.21951220 0.08064516 0.25000000 0.67164179
 111.00000000 0.21951220 0.08064516 0.25000000 0.67164179
 111.00000000 0.21951220 0.08064516 0.25000000 0.67164179
 111.00000000 0.21951220 0.08064516 0.25000000 0.67164179
 37.00000000 0.12195122 0.00000000 0.05000000 0.15920398
 36.00000000 0.12195122 0.01612903 0.05000000 0.29353234
 39.00000000 0.12195122 0.03225806 0.06000000 0.29850746
 35.00000000 0.12195122 0.01612903 0.11000000 0.28358209
 37.00000000 0.12195122 0.01612903 0.17000000 0.27363184
 38.00000000 0.12195122 0.01612903 0.20000000 0.29850746
 35.00000000 0.12195122 0.00000000 0.20000000 0.32835821
 38.00000000 0.12195122 0.00000000 0.17000000 0.28855721
 25.00000000 0.17073171 0.22580645 0.43000000 0.21890547
 16.00000000 0.12195122 0.24193548 0.22000000 0.17910448
 7.00000000 0.07317073 0.14516129 0.12000000 0.02487562
 11.00000000 0.07317073 0.11290323 0.07000000 0.06965174
 17.00000000 0.07317073 0.11290323 0.08000000 0.08457711
 13.00000000 0.07317073 0.11290323 0.08000000 0.03482587
 12.00000000 0.07317073 0.14516129 0.15000000 0.13432836
 13.00000000 0.07317073 0.09677419 0.14000000 0.11940299
 10.00000000 0.07317073 0.06451613 0.19000000 0.14427861
 14.00000000 0.07317073 0.04838710 0.20000000 0.06965174
 18.00000000 0.09756098 0.04838710 0.35000000 0.42786070
 12.00000000 0.09756098 0.00000000 0.41000000 0.07960199
 3.00000000 0.04878049 0.00000000 0.35000000 0.00497512
 6.00000000 0.07317073 0.00000000 0.31000000 0.02487562
 6.00000000 0.04878049 0.00000000 0.22000000 0.00000000
 13.00000000 0.07317073 0.04838710 0.57000000 0.12437811
 15.00000000 0.07317073 0.08064516 0.40000000 0.16915423
 14.00000000 0.12195122 0.04838710 0.32000000 0.20398010
 20.00000000 0.17073171 0.06451613 0.26000000 0.15920398
 14.00000000 0.07317073 0.08064516 0.25000000 0.14427861
 9.00000000 0.07317073 0.04838710 0.19000000 0.14925373
 18.00000000 0.07317073 0.04838710 0.22000000 0.22388060
 12.00000000 0.07317073 0.00000000 0.07000000 0.10447761
 22.00000000 0.09756098 0.01612903 0.11000000 0.08955224
 24.00000000 0.09756098 0.01612903 0.15000000 0.18905473
 20.00000000 0.09756098 0.03225806 0.16000000 0.19402985
 22.00000000 0.09756098 0.04838710 0.17000000 0.18407960
 22.00000000 0.09756098 0.06451613 0.28000000 0.30845771
 49.00000000 0.34146341 0.20967742 0.40000000 0.90547264
 86.00000000 0.48780488 0.38709677 0.40000000 0.93532338
 66.00000000 0.29268293 0.25806452 0.33000000 0.47761194
 42.00000000 0.19512195 0.24193548 0.36000000 0.28855721
 40.00000000 0.17073171 0.20967742 0.28000000 0.31343284
 21.00000000 0.12195122 0.30645161 0.21000000 0.07462687
 23.00000000 0.17073171 0.41935484 0.22000000 0.14427861
 27.00000000 0.19512195 0.54838710 0.25000000 0.26865672
 28.00000000 0.31707317 0.59677419 0.29000000 0.17412935
 34.00000000 0.34146341 0.53225806 0.32000000 0.21890547
 30.00000000 0.34146341 0.46774194 0.35000000 0.25870647
 41.00000000 0.31707317 0.40322581 0.49000000 0.42288557
 43.00000000 0.29268293 0.41935484 0.40000000 0.30348259
 34.00000000 0.36585366 0.58064516 0.50000000 0.47761194
 46.00000000 0.43902439 0.30645161 0.59000000 0.51243781
 49.00000000 0.41463415 0.14516129 0.55000000 0.29850746
 51.00000000 0.39024390 0.09677419 0.49000000 0.31840796
 72.00000000 0.31707317 0.06451613 0.59000000 0.37810945
 77.00000000 0.31707317 0.04838710 0.47000000 0.37810945
