 236.00000000 0.92129508 0.29411765 0.50000000 0.95962733
 114.00000000 0.57909976 0.29411765 0.53921569 0.39130435
 117.00000000 0.57909976 0.29411765 0.53921569 0.36956522
 116.00000000 0.65806791 0.29411765 0.50980392 0.40993789
 121.00000000 0.68439063 0.35294118 0.53921569 0.40372671
 146.00000000 0.68439063 0.38235294 0.55882353 0.47204969
 130.00000000 0.63148197 0.35294118 0.50980392 0.42546584
 125.00000000 0.63148197 0.38235294 0.49019608 0.41614907
 112.00000000 0.63148197 0.35294118 0.43137255 0.39751553
 130.00000000 0.60515925 0.44117647 0.42156863 0.00000000
 113.00000000 0.65806791 0.41176471 0.40196078 0.37267081
 129.00000000 0.68439063 0.35294118 0.40196078 0.00000000
 143.00000000 0.71071335 0.35294118 0.40196078 0.00000000
 88.00000000 0.78968150 0.35294118 0.42156863 0.33540373
 110.00000000 0.78968150 0.47058824 0.41176471 0.00000000
 118.00000000 0.81600421 0.73529412 0.43137255 0.42236025
 113.00000000 0.71071335 0.52941176 0.41176471 0.41925466
 106.00000000 0.60515925 0.52941176 0.42156863 0.32919255
 110.00000000 0.57909976 0.29411765 0.51960784 0.36024845
 109.00000000 0.57909976 0.29411765 0.51960784 0.35403727
 208.00000000 0.68439063 0.26470588 0.48039216 0.79813665
 194.00000000 0.44748618 0.23529412 0.39215686 0.71428571
 198.00000000 0.47380890 0.23529412 0.37254902 0.67391304
 201.00000000 0.52645433 0.23529412 0.37254902 0.65838509
 226.00000000 0.57909976 0.26470588 0.37254902 0.76086957
 225.00000000 0.63148197 0.29411765 0.37254902 0.71118012
 233.00000000 0.73677283 0.38235294 0.41176471 0.82298137
 228.00000000 0.81600421 0.44117647 0.43137255 0.72670807
 194.00000000 0.89470913 0.47058824 0.47058824 0.62422360
 122.00000000 0.92129508 0.41176471 0.48039216 0.42857143
 134.00000000 0.92129508 0.29411765 0.46078431 0.00000000
 110.00000000 0.73677283 0.14705882 0.43137255 0.00000000
 94.00000000 0.60515925 0.11764706 0.29411765 0.00000000
 95.00000000 0.55277705 0.11764706 0.34313725 0.00000000
 92.00000000 0.49986839 0.14705882 0.35294118 0.00000000
 103.00000000 0.44748618 0.17647059 0.35294118 0.00000000
 119.00000000 0.49986839 0.23529412 0.45098039 0.00000000
 136.00000000 0.57909976 0.50000000 0.43137255 0.00000000
 122.00000000 0.60515925 0.47058824 0.48039216 0.39751553
 94.00000000 0.68439063 0.26470588 0.39215686 0.00000000
 91.00000000 0.63148197 0.20588235 0.37254902 0.00000000
 126.00000000 0.55277705 0.14705882 0.29411765 0.00000000
 136.00000000 0.49986839 0.20588235 0.26470588 0.45031056
 158.00000000 0.49986839 0.23529412 0.25490196 0.54968944
 158.00000000 0.49986839 0.23529412 0.21568627 0.51552795
 138.00000000 0.49986839 0.23529412 0.22549020 0.45652174
 162.00000000 0.55277705 0.26470588 0.28431373 0.51242236
 146.00000000 0.55277705 0.29411765 0.33333333 0.47515528
 169.00000000 0.60515925 0.32352941 0.42156863 0.54037267
 152.00000000 0.65806791 0.35294118 0.44117647 0.49378882
 180.00000000 0.57909976 0.32352941 0.45098039 0.57142857
 201.00000000 0.60515925 0.35294118 0.48039216 0.73913043
 207.00000000 0.65806791 0.32352941 0.50980392 0.74534161
 186.00000000 0.57909976 0.20588235 0.50980392 0.61180124
 140.00000000 0.49986839 0.14705882 0.45098039 0.48757764
 141.00000000 0.42116346 0.11764706 0.39215686 0.44099379
 96.00000000 0.76309555 0.35294118 0.42156863 0.00000000
 104.00000000 0.84232693 0.35294118 0.45098039 0.00000000
 147.00000000 0.65806791 0.35294118 0.51960784 0.00000000
 163.00000000 0.68439063 0.26470588 0.55882353 0.00000000
 141.00000000 0.68439063 0.23529412 0.55882353 0.45031056
 154.00000000 0.68439063 0.23529412 0.55882353 0.00000000
 154.00000000 0.71071335 0.23529412 0.56862745 0.00000000
 152.00000000 0.73677283 0.20588235 0.59803922 0.00000000
 153.00000000 0.78968150 0.23529412 0.60784314 0.48447205
 161.00000000 0.81600421 0.23529412 0.61764706 0.58385093
 186.00000000 0.89470913 0.26470588 0.66666667 0.63975155
 184.00000000 0.92129508 0.23529412 0.67647059 0.61180124
 162.00000000 0.86838642 0.23529412 0.63725490 0.50621118
 155.00000000 0.84232693 0.26470588 0.57843137 0.00000000
 157.00000000 0.81600421 0.26470588 0.54901961 0.52484472
 149.00000000 0.81600421 0.29411765 0.53921569 0.54037267
 126.00000000 0.78968150 0.32352941 0.52941176 0.46273292
 110.00000000 0.78968150 0.41176471 0.50980392 0.36024845
 90.00000000 0.81600421 0.38235294 0.49019608 0.29192547
 158.00000000 0.39484075 0.11764706 0.40196078 0.50310559
 35.00000000 0.21058173 0.08823529 0.19607843 0.00000000
 41.00000000 0.00000000 0.00000000 0.00000000 0.00000000
 34.00000000 0.00000000 0.00000000 0.00000000 0.00000000
 35.00000000 0.00000000 0.00000000 0.00000000 0.00000000
 33.00000000 0.00000000 0.00000000 0.00000000 0.00000000
 26.00000000 0.00000000 0.00000000 0.00000000 0.00000000
 28.00000000 0.00000000 0.00000000 0.00000000 0.00000000
 33.00000000 0.00000000 0.00000000 0.00000000 0.00000000
 26.00000000 0.00000000 0.00000000 0.00000000 0.00000000
 20.00000000 0.00000000 0.00000000 0.00000000 0.00000000
 23.00000000 0.00000000 0.00000000 0.00000000 0.00000000
 13.00000000 0.00000000 0.00000000 0.00000000 0.00000000
 3.00000000 0.00000000 0.00000000 0.00000000 0.00000000
 13.00000000 0.00000000 0.00000000 0.00000000 0.00000000
 23.00000000 0.00000000 0.00000000 0.00000000 0.00000000
 21.00000000 0.00000000 0.00000000 0.00000000 0.00000000
 12.00000000 0.00000000 0.00000000 0.00000000 0.00000000
 30.00000000 0.00000000 0.00000000 0.00000000 0.00000000
 48.00000000 0.00000000 0.00000000 0.00000000 0.00000000
 41.00000000 0.00000000 0.00000000 0.00000000 0.00000000
 63.00000000 0.26322717 0.11764706 0.35294118 0.00000000
 49.00000000 0.23690445 0.08823529 0.26470588 0.00000000
 26.00000000 0.21058173 0.08823529 0.27450980 0.00000000
 15.00000000 0.18425902 0.08823529 0.22549020 0.00000000
 30.00000000 0.15793630 0.08823529 0.16666667 0.00000000
 70.00000000 0.18425902 0.20588235 0.18627451 0.00000000
 78.00000000 0.18425902 0.11764706 0.14705882 0.00000000
 89.00000000 0.18425902 0.23529412 0.12745098 0.00000000
 107.00000000 0.23690445 0.26470588 0.23529412 0.00000000
 99.00000000 0.26322717 0.29411765 0.48039216 0.00000000
 0.00000000 0.28954988 0.29411765 0.53921569 0.00000000
 85.00000000 0.00000000 0.00000000 0.00000000 0.00000000
 78.00000000 0.00000000 0.00000000 0.00000000 0.00000000
 76.00000000 0.00000000 0.00000000 0.00000000 0.00000000
 82.00000000 0.00000000 0.00000000 0.00000000 0.00000000
 71.00000000 0.00000000 0.00000000 0.00000000 0.00000000
 63.00000000 0.00000000 0.00000000 0.00000000 0.00000000
 22.00000000 0.00000000 0.00000000 0.00000000 0.00000000
 28.00000000 0.00000000 0.00000000 0.00000000 0.00000000
 12.00000000 0.00000000 0.00000000 0.00000000 0.00000000
 11.00000000 0.00000000 0.00000000 0.00000000 0.00000000
 0.00000000 0.00000000 0.00000000 0.00000000 0.00000000
 0.00000000 0.00000000 0.00000000 0.00000000 0.00000000
 3.00000000 0.13161358 0.14705882 0.17647059 0.01863354
 14.00000000 0.15793630 0.26470588 0.16666667 0.00000000
 82.00000000 0.39484075 0.23529412 0.34313725 0.00000000
 119.00000000 0.52645433 0.20588235 0.34313725 0.00000000
 104.00000000 0.60515925 0.20588235 0.35294118 0.36024845
 112.00000000 0.60515925 0.08823529 0.00000000 0.35714286
 128.00000000 0.00000000 0.08823529 0.37254902 0.40062112
 158.00000000 0.73677283 0.00000000 0.41176471 0.51242236
 162.00000000 0.68439063 0.26470588 0.41176471 0.61801242
 158.00000000 0.65806791 0.23529412 0.41176471 0.56832298
 170.00000000 0.71071335 0.23529412 0.42156863 0.55279503
 188.00000000 0.78968150 0.26470588 0.44117647 0.64906832
 193.00000000 0.84232693 0.29411765 0.43137255 0.76086957
 3.00000000 0.00000000 0.00000000 0.00000000 0.00000000
 12.00000000 0.00000000 0.00000000 0.00000000 0.00000000
 28.00000000 0.00000000 0.00000000 0.00000000 0.00000000
 16.00000000 0.00000000 0.00000000 0.00000000 0.00000000
 11.00000000 0.00000000 0.00000000 0.00000000 0.00000000
 28.00000000 0.00000000 0.00000000 0.00000000 0.00000000
 21.00000000 0.00000000 0.00000000 0.00000000 0.00000000
 20.00000000 0.00000000 0.00000000 0.00000000 0.00000000
 10.00000000 0.00000000 0.00000000 0.00000000 0.00000000
 25.00000000 0.00000000 0.00000000 0.00000000 0.00000000
 6.00000000 0.00000000 0.00000000 0.00000000 0.00000000
 3.00000000 0.00000000 0.00000000 0.00000000 0.00000000
 15.00000000 0.00000000 0.00000000 0.00000000 0.00000000
 3.00000000 0.00000000 0.00000000 0.00000000 0.00000000
 3.00000000 0.00000000 0.00000000 0.00000000 0.00000000
 3.00000000 0.00000000 0.00000000 0.00000000 0.00000000
 12.00000000 0.00000000 0.00000000 0.00000000 0.00000000
 3.00000000 0.00000000 0.00000000 0.00000000 0.00000000
 3.00000000 0.00000000 0.00000000 0.00000000 0.00000000
 200.00000000 0.84232693 0.26470588 0.44117647 0.75776398
 62.00000000 0.26322717 0.08823529 0.00000000 0.00000000
 164.00000000 0.47380890 0.14705882 0.37254902 0.53416149
 68.00000000 0.36825480 0.08823529 0.19607843 0.00000000
 124.00000000 0.42116346 0.17647059 0.38235294 0.41614907
 62.00000000 0.00000000 0.08823529 0.13725490 0.00000000
 61.00000000 0.31587260 0.00000000 0.10784314 0.00000000
 55.00000000 0.36825480 0.08823529 0.21568627 0.17701863
 136.00000000 0.44748618 0.14705882 0.35294118 0.00000000
 153.00000000 0.52645433 0.14705882 0.37254902 0.00000000
 57.00000000 0.23690445 0.08823529 0.20588235 0.00000000
 129.00000000 0.52645433 0.14705882 0.40196078 0.00000000
 143.00000000 0.52645433 0.14705882 0.35294118 0.52173913
 120.00000000 0.47380890 0.14705882 0.29411765 0.00000000
 83.00000000 0.47380890 0.11764706 0.42156863 0.00000000
 104.00000000 0.44748618 0.11764706 0.22549020 0.00000000
 108.00000000 0.49986839 0.17647059 0.33333333 0.38509317
 3.00000000 0.10529087 0.08823529 0.32352941 0.01863354
 84.00000000 0.71071335 0.70588235 0.54901961 0.32608696
 20.00000000 0.15793630 0.08823529 0.61764706 0.10559006
 0.00000000 0.00000000 0.00000000 0.00000000 0.00000000
 33.00000000 0.15793630 0.08823529 0.60784314 0.12732919
 109.00000000 0.55277705 0.17647059 0.35294118 0.00000000
 86.00000000 0.68439063 0.17647059 0.49019608 0.00000000
 103.00000000 0.63148197 0.73529412 0.51960784 0.00000000
 106.00000000 0.52645433 0.50000000 0.50980392 0.00000000
 32.00000000 0.15793630 0.08823529 0.50980392 0.12111801
 130.00000000 0.00000000 0.23529412 0.24509804 0.41304348
 11.00000000 0.10529087 0.08823529 0.24509804 0.00000000
 103.00000000 0.55277705 0.61764706 0.52941176 0.00000000
 3.00000000 0.10529087 0.08823529 0.31372549 0.01863354
 129.00000000 0.49986839 0.08823529 0.37254902 0.00000000
 27.00000000 0.13161358 0.08823529 0.42156863 0.15838509
 92.00000000 0.63148197 0.17647059 0.46078431 0.00000000
 3.00000000 0.10529087 0.08823529 0.25490196 0.01863354
 35.00000000 0.15793630 0.08823529 0.58823529 0.13354037
 0.00000000 0.00000000 0.00000000 0.00000000 0.00000000
 99.00000000 0.55277705 0.11764706 0.42156863 0.00000000
 45.00000000 0.18425902 0.08823529 0.68627451 0.19254658
 96.00000000 0.60515925 0.32352941 0.45098039 0.31677019
 141.00000000 0.44748618 0.29411765 0.00000000 0.45031056
 88.00000000 0.57909976 0.08823529 0.45098039 0.29503106
 121.00000000 0.60515925 0.14705882 0.50980392 0.00000000
 113.00000000 0.65806791 0.08823529 0.45098039 0.36645963
 50.00000000 0.21058173 0.11764706 0.70588235 0.23602484
 129.00000000 0.63148197 0.35294118 0.50000000 0.00000000
 123.00000000 0.63148197 0.11764706 0.50980392 0.40993789
 64.00000000 0.21058173 0.17647059 0.63725490 0.20186335
 99.00000000 0.47380890 0.11764706 0.43137255 0.00000000
 14.00000000 0.39484075 0.08823529 0.42156863 0.08695652
 11.00000000 0.07896815 0.11764706 0.21568627 0.00000000
 92.00000000 0.78968150 0.44117647 0.51960784 0.31055901
 34.00000000 0.13161358 0.08823529 0.49019608 0.00000000
 79.00000000 0.26322717 0.08823529 0.30392157 0.00000000
 141.00000000 0.47380890 0.20588235 0.29411765 0.00000000
 18.00000000 0.13161358 0.17647059 0.42156863 0.00000000
 35.00000000 0.15793630 0.08823529 0.55882353 0.11801242
 90.00000000 0.71071335 0.35294118 0.48039216 0.29813665
 96.00000000 0.44748618 0.14705882 0.50000000 0.00000000
 41.00000000 0.15793630 0.11764706 0.65686275 0.14285714
 161.00000000 0.44748618 0.29411765 0.30392157 0.00000000
 146.00000000 0.65806791 0.32352941 0.52941176 0.00000000
 204.00000000 0.81600421 0.17647059 0.78431373 0.67080745
 23.00000000 0.18425902 0.23529412 0.50980392 0.00000000
 142.00000000 0.78968150 0.26470588 0.56862745 0.00000000
 20.00000000 0.26322717 0.00000000 0.50000000 0.00000000
 31.00000000 0.26322717 0.08823529 0.52941176 0.00000000
 39.00000000 0.15793630 0.26470588 0.39215686 0.00000000
 127.00000000 0.68439063 0.17647059 0.68627451 0.40683230
 8.00000000 0.21058173 0.08823529 0.55882353 0.02795031
 136.00000000 0.76309555 0.29411765 0.58823529 0.00000000
 30.00000000 0.13161358 0.20588235 0.29411765 0.00000000
 147.00000000 0.68439063 0.17647059 0.68627451 0.00000000
 7.00000000 0.18425902 0.08823529 0.59803922 0.04968944
 45.00000000 0.28954988 0.11764706 0.89215686 0.00000000
 20.00000000 0.00000000 0.08823529 0.51960784 0.00000000
 13.00000000 0.31587260 0.08823529 0.43137255 0.05900621
 38.00000000 0.39484075 0.08823529 0.51960784 0.16459627
 184.00000000 0.86838642 0.17647059 0.70588235 0.59627329
 174.00000000 0.76309555 0.17647059 0.74509804 0.55900621
 12.00000000 0.31587260 0.08823529 0.47058824 0.04658385
 62.00000000 0.21058173 0.08823529 0.31372549 0.00000000
 44.00000000 0.28954988 0.08823529 0.62745098 0.00000000
 130.00000000 0.52645433 0.08823529 0.35294118 0.00000000
 127.00000000 0.84232693 0.23529412 0.64705882 0.42236025
 8.00000000 0.28954988 0.08823529 0.00000000 0.02795031
 162.00000000 0.71071335 0.14705882 0.72549020 0.53726708
 132.00000000 0.68439063 0.17647059 0.69607843 0.42236025
 26.00000000 0.10529087 0.17647059 0.21568627 0.00000000
 9.00000000 0.10529087 0.08823529 0.31372549 0.00000000
 68.00000000 0.23690445 0.08823529 0.42156863 0.00000000
 8.00000000 0.10529087 0.08823529 0.36274510 0.00000000
 144.00000000 0.63148197 0.29411765 0.66666667 0.00000000
 15.00000000 0.07896815 0.08823529 0.24509804 0.00000000
 107.00000000 0.76309555 0.29411765 0.53921569 0.00000000
 173.00000000 0.55277705 0.11764706 0.31372549 0.00000000
 6.00000000 0.07896815 0.08823529 0.29411765 0.00000000
 141.00000000 0.60515925 0.35294118 0.62745098 0.00000000
 15.00000000 0.07896815 0.08823529 0.31372549 0.00000000
 24.00000000 0.10529087 0.08823529 0.39215686 0.00000000
 3.00000000 0.07896815 0.11764706 0.25490196 0.01863354
 117.00000000 0.73677283 0.35294118 0.56862745 0.00000000
 129.00000000 0.76309555 0.38235294 0.59803922 0.46273292
 154.00000000 0.68439063 0.17647059 0.67647059 0.00000000
 21.00000000 0.21058173 0.08823529 0.68627451 0.07453416
 58.00000000 0.21058173 0.08823529 0.33333333 0.00000000
 7.00000000 0.10529087 0.14705882 0.13725490 0.00000000
 3.00000000 0.13161358 0.08823529 0.50000000 0.02173913
 140.00000000 0.73677283 0.41176471 0.57843137 0.00000000
 154.00000000 0.65806791 0.17647059 0.67647059 0.00000000
 8.00000000 0.10529087 0.08823529 0.35294118 0.00000000
 3.00000000 0.07896815 0.11764706 0.13725490 0.00000000
 153.00000000 0.65806791 0.20588235 0.66666667 0.00000000
 96.00000000 0.73677283 0.23529412 0.49019608 0.00000000
 115.00000000 0.65806791 0.11764706 0.45098039 0.36645963
 79.00000000 0.21058173 0.35294118 0.58823529 0.33229814
 97.00000000 0.15793630 0.23529412 0.21568627 0.00000000
 98.00000000 0.44748618 0.08823529 0.35294118 0.00000000
 106.00000000 0.55277705 0.26470588 0.65686275 0.36024845
 171.00000000 0.52645433 0.41176471 0.49019608 0.58385093
 85.00000000 0.15793630 0.08823529 0.17647059 0.33850932
 189.00000000 0.57909976 0.23529412 0.48039216 0.59627329
 110.00000000 0.57909976 0.23529412 0.62745098 0.37267081
 187.00000000 0.60515925 0.50000000 0.50000000 0.59627329
 57.00000000 0.15793630 0.08823529 0.33333333 0.00000000
 218.00000000 0.68439063 0.55882353 0.54901961 0.68012422
 158.00000000 0.55277705 0.20588235 0.45098039 0.54968944
 181.00000000 0.44748618 0.35294118 0.49019608 0.56832298
 127.00000000 0.60515925 0.29411765 0.66666667 0.00000000
 63.00000000 0.23690445 0.08823529 0.29411765 0.00000000
 194.00000000 0.52645433 0.35294118 0.62745098 0.70496894
 96.00000000 0.21058173 0.35294118 0.51960784 0.35403727
 168.00000000 0.55277705 0.23529412 0.44117647 0.00000000
 104.00000000 0.60515925 0.29411765 0.69607843 0.34782609
 185.00000000 0.44748618 0.38235294 0.58823529 0.69565217
 186.00000000 0.44748618 0.38235294 0.50980392 0.60559006
 0.00000000 0.18425902 0.29411765 0.28431373 0.00000000
 102.00000000 0.57909976 0.26470588 0.70588235 0.36024845
 20.00000000 0.13161358 0.08823529 0.34313725 0.00000000
 172.00000000 0.68439063 0.23529412 0.56862745 0.62111801
 147.00000000 0.42116346 0.11764706 0.38235294 0.45962733
 63.00000000 0.26322717 0.08823529 0.34313725 0.00000000
 140.00000000 0.81600421 0.76470588 0.63725490 0.00000000
 130.00000000 0.52645433 0.17647059 0.58823529 0.00000000
 130.00000000 0.71071335 0.35294118 0.64705882 0.00000000
 52.00000000 0.23690445 0.08823529 0.47058824 0.20496894
 166.00000000 0.39484075 0.11764706 0.32352941 0.00000000
 119.00000000 0.52645433 0.14705882 0.54901961 0.00000000
 125.00000000 0.57909976 0.11764706 0.49019608 0.00000000
 14.00000000 0.13161358 0.08823529 0.16666667 0.13664596
 111.00000000 0.55277705 0.08823529 0.36274510 0.00000000
 32.00000000 0.15793630 0.08823529 0.37254902 0.14596273
 128.00000000 0.55277705 0.20588235 0.61764706 0.00000000
 212.00000000 0.78968150 0.70588235 0.62745098 0.72049689
 128.00000000 0.52645433 0.20588235 0.65686275 0.00000000
 18.00000000 0.13161358 0.08823529 0.41176471 0.00000000
 199.00000000 0.84232693 0.91176471 0.67647059 0.63354037
 184.00000000 0.55277705 0.14705882 0.46078431 0.57142857
 154.00000000 0.84232693 1.00000000 0.64705882 0.53726708
 52.00000000 0.21058173 0.08823529 0.48039216 0.18322981
 125.00000000 0.49986839 0.20588235 0.66666667 0.00000000
 124.00000000 0.81600421 0.94117647 0.61764706 0.43478261
 174.00000000 0.39484075 0.11764706 0.31372549 0.00000000
 140.00000000 0.55277705 0.23529412 0.37254902 0.45962733
 86.00000000 0.34219531 0.08823529 0.28431373 0.00000000
 98.00000000 0.63148197 0.35294118 0.45098039 0.34161491
 174.00000000 0.57909976 0.26470588 0.56862745 0.63043478
 149.00000000 0.65806791 0.32352941 0.58823529 0.00000000
 128.00000000 0.65806791 0.14705882 0.54901961 0.43167702
 141.00000000 0.55277705 0.20588235 0.34313725 0.48757764
 104.00000000 0.65806791 0.11764706 0.49019608 0.38819876
 154.00000000 0.65806791 0.17647059 0.54901961 0.53726708
 0.00000000 0.00000000 0.00000000 0.00000000 0.00000000
 134.00000000 0.65806791 0.14705882 0.53921569 0.42546584
 126.00000000 0.65806791 0.32352941 0.56862745 0.41614907
 78.00000000 0.23690445 0.26470588 0.70588235 0.34472050
 80.00000000 0.18425902 0.38235294 0.45098039 0.34161491
 148.00000000 0.39484075 0.00000000 0.31372549 0.00000000
 85.00000000 0.18425902 0.41176471 0.39215686 0.29192547
 181.00000000 0.47380890 0.11764706 0.29411765 0.00000000
 142.00000000 0.65806791 0.29411765 0.64705882 0.00000000
 96.00000000 0.49986839 0.08823529 0.39215686 0.31055901
 61.00000000 0.26322717 0.08823529 0.29411765 0.00000000
 65.00000000 0.21058173 0.23529412 0.62745098 0.23602484
 81.00000000 0.23690445 0.29411765 0.70588235 0.25155280
 83.00000000 0.21058173 0.08823529 0.00000000 0.00000000
 0.00000000 0.60515925 0.11764706 0.67647059 0.31987578
 0.00000000 0.78968150 0.11764706 0.71568627 0.19565217
 0.00000000 0.94761779 0.08823529 0.72549020 0.56211180
 0.00000000 0.42116346 0.08823529 0.00000000 0.38198758
 0.00000000 0.52645433 0.17647059 0.64705882 0.41304348
 189.00000000 0.71071335 0.08823529 0.77450980 0.00000000
 0.00000000 0.00000000 0.08823529 0.59803922 0.34782609
 0.00000000 0.68439063 0.17647059 0.73529412 0.42857143
 0.00000000 0.65806791 0.17647059 0.72549020 0.39751553
 0.00000000 0.13161358 0.08823529 0.27450980 0.00000000
 0.00000000 0.78968150 0.17647059 0.84313725 0.53726708
 0.00000000 0.13161358 0.08823529 0.29411765 0.00000000
 0.00000000 0.15793630 0.08823529 0.39215686 0.00000000
 185.00000000 0.71071335 0.08823529 0.84313725 0.00000000
 0.00000000 0.52645433 0.14705882 0.53921569 0.39751553
 177.00000000 0.76309555 0.08823529 0.86274510 0.00000000
 0.00000000 0.18425902 0.08823529 0.39215686 0.04347826
 0.00000000 0.55277705 0.08823529 0.45098039 0.19875776
 92.00000000 0.34219531 0.08823529 0.36274510 0.00000000
 0.00000000 0.78968150 0.11764706 0.76470588 0.27639752
 194.00000000 0.81600421 0.08823529 1.00000000 0.00000000
 0.00000000 0.15793630 0.08823529 0.34313725 0.00000000
 0.00000000 0.47380890 0.08823529 0.42156863 0.14906832
 0.00000000 0.92129508 0.08823529 0.62745098 0.47515528
 0.00000000 0.21058173 0.08823529 0.34313725 0.02795031
 0.00000000 0.42116346 0.08823529 0.37254902 0.20807453
 83.00000000 0.34219531 0.08823529 0.54901961 0.00000000
 182.00000000 0.76309555 0.08823529 0.94117647 0.00000000
 0.00000000 0.94761779 0.08823529 0.65686275 0.51242236
 0.00000000 0.23690445 0.08823529 0.55882353 0.06521739
 125.00000000 0.52645433 0.08823529 0.68627451 0.00000000
 0.00000000 0.73677283 0.00000000 0.54901961 0.46273292
 0.00000000 0.10529087 0.08823529 0.26470588 0.02173913
 0.00000000 0.23690445 0.08823529 0.48039216 0.06521739
 165.00000000 0.76309555 0.08823529 0.93137255 0.00000000
 0.00000000 0.18425902 0.08823529 0.38235294 0.00000000
 0.00000000 0.52645433 0.08823529 0.54901961 0.20807453
 0.00000000 0.76309555 0.14705882 0.72549020 0.32298137
 0.00000000 0.44748618 0.08823529 0.39215686 0.19565217
 0.00000000 0.23690445 0.08823529 0.48039216 0.09937888
 0.00000000 0.15793630 0.08823529 0.43137255 0.00000000
 0.00000000 1.00000000 0.08823529 0.88235294 0.85093168
 0.00000000 1.00000000 0.11764706 0.99019608 0.88198758
 0.00000000 0.68439063 0.20588235 0.83333333 0.45652174
 193.00000000 0.60515925 0.17647059 0.67647059 0.00000000
 0.00000000 0.13161358 0.08823529 0.27450980 0.01863354
 0.00000000 0.94761779 0.08823529 0.81372549 0.70186335
 0.00000000 0.23690445 0.08823529 0.42156863 0.01863354
 0.00000000 0.97394051 0.14705882 0.97058824 0.00000000
 0.00000000 0.10529087 0.08823529 0.21568627 0.01863354
 202.00000000 0.60515925 0.11764706 0.64705882 0.00000000
 0.00000000 0.15793630 0.08823529 0.31372549 0.10559006
 0.00000000 0.76309555 0.14705882 0.69607843 0.04968944
 123.00000000 0.55277705 0.08823529 0.67647059 0.00000000
 189.00000000 0.60515925 0.17647059 0.65686275 0.00000000
 172.00000000 0.60515925 0.20588235 0.64705882 0.00000000
 0.00000000 0.00000000 0.00000000 0.00000000 0.00000000
 0.00000000 0.73677283 0.20588235 0.82352941 0.50621118
 0.00000000 0.18425902 0.08823529 0.36274510 0.01863354
 0.00000000 1.00000000 0.11764706 0.97058824 1.00000000
 0.00000000 0.71071335 0.20588235 0.86274510 0.50310559
 145.00000000 0.65806791 0.17647059 0.60784314 0.47204969
 0.00000000 0.00000000 0.00000000 0.00000000 0.00000000
 92.00000000 0.31587260 0.08823529 0.35294118 0.00000000
 81.00000000 0.44748618 0.08823529 0.51960784 0.00000000
 0.00000000 0.10529087 0.08823529 0.25490196 0.01863354
 0.00000000 0.65806791 0.20588235 0.80392157 0.52173913
 70.00000000 0.28954988 0.08823529 0.34313725 0.00000000
 199.00000000 0.73677283 0.08823529 0.82352941 0.00000000
 0.00000000 0.21058173 0.08823529 0.60784314 0.09627329
 0.00000000 0.63148197 0.14705882 0.83333333 0.45341615
 213.00000000 0.63148197 0.08823529 0.65686275 0.00000000
 0.00000000 0.21058173 0.08823529 0.68627451 0.05900621
 0.00000000 0.94761779 0.08823529 0.74509804 0.55279503
 0.00000000 0.84232693 0.17647059 0.92156863 0.70186335
 0.00000000 0.57909976 0.08823529 0.60784314 0.40372671
 0.00000000 0.86838642 0.14705882 0.87254902 0.49378882
 0.00000000 0.57909976 0.14705882 0.79411765 0.43167702
 0.00000000 0.76309555 0.11764706 0.62745098 0.21739130
 0.00000000 0.86838642 0.17647059 0.94117647 0.79503106
 0.00000000 0.94761779 0.08823529 0.78431373 0.56832298
 131.00000000 0.68439063 0.14705882 0.58823529 0.00000000
 0.00000000 0.13161358 0.08823529 0.25490196 0.01863354
 0.00000000 0.86838642 0.14705882 0.92156863 0.00000000
 0.00000000 0.68439063 0.23529412 0.77450980 0.42546584
 0.00000000 0.15793630 0.08823529 0.35294118 0.00000000
 0.00000000 0.42116346 0.08823529 0.51960784 0.01863354
 0.00000000 0.89470913 0.14705882 0.94117647 0.78260870
 0.00000000 0.49986839 0.08823529 0.54901961 0.28260870
 206.00000000 0.71071335 0.08823529 0.74509804 0.00000000
 0.00000000 0.65806791 0.17647059 0.81372549 0.44409938
 184.00000000 0.76309555 0.08823529 0.74509804 0.00000000
 193.00000000 0.81600421 0.08823529 0.93137255 0.00000000
 90.00000000 0.18425902 0.11764706 0.57843137 0.00000000
 0.00000000 0.18425902 0.08823529 0.72549020 0.27329193
 0.00000000 0.15793630 0.08823529 0.45098039 0.24223602
 60.00000000 0.15793630 0.08823529 0.29411765 0.26708075
 0.00000000 0.21058173 0.08823529 0.78431373 0.25776398
 0.00000000 0.18425902 0.08823529 0.50000000 0.00000000
 42.00000000 0.15793630 0.08823529 0.35294118 0.20496894
 0.00000000 0.10529087 0.08823529 0.31372549 0.00000000
 183.00000000 0.57909976 0.08823529 0.56862745 0.00000000
 105.00000000 0.73677283 0.08823529 0.69607843 0.00000000
 76.00000000 0.26322717 0.00000000 0.32352941 0.00000000
 196.00000000 0.57909976 0.08823529 0.55882353 0.63354037
 0.00000000 0.10529087 0.08823529 0.27450980 0.01863354
 19.00000000 0.18425902 0.08823529 0.37254902 0.10248447
 169.00000000 0.57909976 0.08823529 0.72549020 0.00000000
 180.00000000 0.52645433 0.08823529 0.76470588 0.00000000
 0.00000000 0.10529087 0.08823529 0.25490196 0.00000000
 0.00000000 0.21058173 0.08823529 0.94117647 0.00000000
 0.00000000 0.23690445 0.08823529 0.77450980 0.27329193
 226.00000000 0.57909976 0.08823529 0.79411765 0.00000000
 223.00000000 0.65806791 0.08823529 0.81372549 0.74534161
 0.00000000 0.10529087 0.08823529 0.26470588 0.00000000
 0.00000000 0.10529087 0.08823529 0.21568627 0.00000000
 0.00000000 0.18425902 0.08823529 0.62745098 0.26708075
 0.00000000 0.26322717 0.08823529 0.76470588 0.24223602
 155.00000000 0.60515925 0.08823529 0.54901961 0.00000000
 110.00000000 0.73677283 0.08823529 0.70588235 0.36956522
 109.00000000 0.44748618 0.11764706 0.53921569 0.36956522
 128.00000000 0.68439063 0.08823529 0.70588235 0.00000000
 0.00000000 0.10529087 0.08823529 0.24509804 0.00000000
 3.00000000 0.15793630 0.14705882 0.45098039 0.00000000
 0.00000000 0.21058173 0.08823529 0.51960784 0.00000000
 34.00000000 0.18425902 0.08823529 0.50980392 0.39130435
 205.00000000 0.60515925 0.14705882 0.64705882 0.68012422
 222.00000000 0.57909976 0.11764706 0.59803922 0.00000000
 114.00000000 0.68439063 0.08823529 0.68627451 0.00000000
 134.00000000 0.57909976 0.08823529 0.73529412 0.00000000
 96.00000000 0.78968150 0.08823529 0.70588235 0.31366460
 135.00000000 0.63148197 0.08823529 0.56862745 0.00000000
 34.00000000 0.23690445 0.08823529 0.66666667 0.29503106
 221.00000000 0.60515925 0.08823529 0.79411765 0.00000000
 0.00000000 0.21058173 0.08823529 0.00000000 0.00000000
 0.00000000 0.68439063 0.11764706 0.82352941 0.86024845
 223.00000000 0.60515925 0.14705882 0.66666667 0.00000000
 0.00000000 0.21058173 0.08823529 0.41176471 0.00000000
 207.00000000 0.52645433 0.08823529 0.80392157 0.00000000
 147.00000000 0.81600421 0.08823529 0.87254902 0.46273292
 60.00000000 0.21058173 0.08823529 0.64705882 0.00000000
 0.00000000 0.13161358 0.08823529 0.30392157 0.16149068
 0.00000000 0.21058173 0.08823529 0.83333333 0.16149068
 200.00000000 0.60515925 0.08823529 0.75490196 0.00000000
 0.00000000 0.23690445 0.08823529 0.80392157 0.24534161
 72.00000000 0.00000000 0.08823529 0.30392157 0.00000000
 37.00000000 0.23690445 0.08823529 0.79411765 0.00000000
 207.00000000 0.49986839 0.08823529 0.52941176 0.00000000
 0.00000000 0.23690445 0.08823529 0.37254902 0.04347826
 0.00000000 0.18425902 0.08823529 0.65686275 0.36956522
 0.00000000 0.18425902 0.08823529 0.53921569 0.20186335
 15.00000000 0.13161358 0.08823529 0.47058824 0.07453416
 0.00000000 0.23690445 0.08823529 0.50000000 0.10869565
 140.00000000 0.65806791 0.08823529 0.65686275 0.00000000
 0.00000000 0.15793630 0.08823529 0.47058824 0.00000000
 233.00000000 0.57909976 0.08823529 0.70588235 0.00000000
 16.00000000 0.13161358 0.08823529 0.42156863 0.00000000
 0.00000000 0.18425902 0.08823529 0.59803922 0.00000000
 122.00000000 0.39484075 0.08823529 0.37254902 0.00000000
 3.00000000 0.13161358 0.08823529 0.32352941 0.00000000
 0.00000000 0.18425902 0.08823529 0.53921569 0.32298137
 191.00000000 0.55277705 0.08823529 0.76470588 0.00000000
 201.00000000 0.49986839 0.08823529 0.77450980 0.00000000
 190.00000000 0.55277705 0.08823529 0.52941176 0.00000000
 0.00000000 0.18425902 0.08823529 0.60784314 0.30434783
 201.00000000 0.57909976 0.08823529 0.60784314 0.65838509
 154.00000000 0.78968150 0.08823529 0.78431373 0.00000000
 159.00000000 0.42116346 0.08823529 0.35294118 0.50621118
 70.00000000 0.13161358 0.14705882 0.68627451 0.00000000
 76.00000000 0.18425902 0.11764706 0.95098039 0.28571429
 169.00000000 0.49986839 0.08823529 0.45098039 0.60248447
 0.00000000 0.65806791 0.35294118 0.72549020 0.42546584
 174.00000000 0.55277705 0.23529412 0.87254902 0.79503106
 0.00000000 0.60515925 0.14705882 0.60784314 0.38198758
 176.00000000 0.60515925 0.29411765 0.79411765 0.80434783
 130.00000000 0.57909976 0.17647059 0.55882353 0.42546584
 113.00000000 0.57909976 0.29411765 0.64705882 0.00000000
 95.00000000 0.60515925 0.17647059 0.54901961 0.32919255
 40.00000000 0.13161358 0.11764706 0.00000000 0.20186335
 93.00000000 0.57909976 0.32352941 0.54901961 0.30745342
 158.00000000 0.42116346 0.08823529 0.33333333 0.50621118
 125.00000000 0.52645433 0.08823529 0.49019608 0.48136646
 212.00000000 0.81600421 0.17647059 0.92156863 0.70186335
 74.00000000 0.71071335 0.23529412 0.55882353 0.28571429
 42.00000000 0.13161358 0.14705882 0.00000000 0.27950311
 124.00000000 0.60515925 0.26470588 0.70588235 0.41925466
 132.00000000 0.36825480 0.08823529 0.33333333 0.48447205
 68.00000000 0.15793630 0.08823529 0.85294118 0.29813665
 68.00000000 0.18425902 0.08823529 0.88235294 0.29813665
 162.00000000 0.68439063 0.29411765 0.74509804 0.53726708
 133.00000000 0.36825480 0.08823529 0.34313725 0.46583851
 136.00000000 0.57909976 0.14705882 0.56862745 0.00000000
 144.00000000 0.65806791 0.29411765 0.70588235 0.50931677
 48.00000000 0.18425902 0.08823529 0.91176471 0.00000000
 81.00000000 0.23690445 0.08823529 0.36274510 0.00000000
 106.00000000 0.57909976 0.29411765 0.60784314 0.00000000
 74.00000000 0.23690445 0.08823529 0.57843137 0.00000000
 58.00000000 0.23690445 0.20588235 0.58823529 0.00000000
 25.00000000 0.10529087 0.11764706 0.46078431 0.00000000
 124.00000000 0.81600421 0.11764706 0.96078431 0.42857143
 138.00000000 0.55277705 0.17647059 0.69607843 0.47515528
 144.00000000 0.84232693 0.14705882 0.94117647 0.51552795
 21.00000000 0.13161358 0.11764706 0.92156863 0.07453416
 41.00000000 0.07896815 0.11764706 0.65686275 0.00000000
 137.00000000 0.55277705 0.14705882 0.72549020 0.44099379
 175.00000000 0.49986839 0.08823529 0.60784314 0.58385093
 231.00000000 0.84232693 0.26470588 0.98039216 0.88509317
 161.00000000 0.47380890 0.08823529 0.46078431 0.52795031
 55.00000000 0.10529087 0.08823529 0.68627451 0.18944099
 131.00000000 0.52645433 0.17647059 0.74509804 0.43167702
 237.00000000 0.81600421 0.29411765 0.95098039 0.86956522
 162.00000000 0.39484075 0.08823529 0.51960784 0.51242236
 136.00000000 0.76309555 0.14705882 0.93137255 0.00000000
 118.00000000 0.49986839 0.17647059 0.51960784 0.00000000
 122.00000000 0.52645433 0.20588235 0.51960784 0.00000000
 156.00000000 0.39484075 0.08823529 0.46078431 0.52795031
 60.00000000 0.21058173 0.08823529 1.00000000 0.24844720
 119.00000000 0.49986839 0.14705882 0.65686275 0.00000000
 134.00000000 0.57909976 0.20588235 0.51960784 0.00000000
 68.00000000 0.39484075 0.08823529 0.58823529 0.21739130
 47.00000000 0.18425902 0.08823529 0.00000000 0.31366460
 125.00000000 0.60515925 0.14705882 0.76470588 0.00000000
 164.00000000 0.34219531 0.08823529 0.44117647 0.52795031
 15.00000000 0.13161358 0.08823529 0.95098039 0.05900621
 143.00000000 0.60515925 0.17647059 0.61764706 0.46894410
 202.00000000 0.65806791 0.08823529 0.69607843 0.67701863
 240.00000000 0.84232693 0.29411765 0.96078431 0.90062112
 95.00000000 0.10529087 0.11764706 0.49019608 0.36956522
 195.00000000 0.71071335 0.23529412 0.83333333 0.84161491
 134.00000000 0.60515925 0.17647059 0.78431373 0.43478261
 90.00000000 0.13161358 0.35294118 0.74509804 0.28881988
 176.00000000 0.47380890 0.08823529 0.54901961 0.59627329
 189.00000000 0.68439063 0.26470588 0.82352941 0.80124224
 79.00000000 0.13161358 0.38235294 0.70588235 0.30124224
 134.00000000 0.63148197 0.17647059 0.76470588 0.42546584
 166.00000000 0.49986839 0.08823529 0.49019608 0.53105590
 190.00000000 0.68439063 0.29411765 0.78431373 0.83850932
 75.00000000 0.13161358 0.41176471 0.63725490 0.28260870
 175.00000000 0.65806791 0.29411765 0.76470588 0.66770186
 102.00000000 0.65806791 0.11764706 0.74509804 0.44409938
 109.00000000 0.18425902 0.38235294 0.93137255 0.38819876
 188.00000000 0.47380890 0.23529412 0.79411765 0.73291925
 130.00000000 0.57909976 0.17647059 0.76470588 0.40993789
 0.00000000 0.13161358 0.23529412 0.66666667 0.00000000
 234.00000000 0.84232693 0.29411765 0.91176471 0.96273292
 203.00000000 0.60515925 0.08823529 0.77450980 0.74534161
 76.00000000 0.28954988 0.08823529 0.66666667 0.00000000
 143.00000000 0.63148197 0.17647059 0.74509804 0.55900621
 209.00000000 0.63148197 0.26470588 0.80392157 0.69565217
 0.00000000 0.15793630 0.35294118 0.83333333 0.45962733
 83.00000000 0.23690445 0.08823529 0.51960784 0.00000000
 88.00000000 0.55277705 0.08823529 0.60784314 0.27950311
 182.00000000 0.49986839 0.08823529 0.65686275 0.62732919
 130.00000000 0.60515925 0.17647059 0.81372549 0.50000000
 161.00000000 0.57909976 0.23529412 0.84313725 0.70186335
 160.00000000 0.44748618 0.08823529 0.36274510 0.50310559
 133.00000000 0.55277705 0.11764706 0.66666667 0.45652174
 16.00000000 0.07896815 0.11764706 0.39215686 0.00000000
 135.00000000 0.60515925 0.11764706 0.72549020 0.46273292
 18.00000000 0.13161358 0.08823529 0.81372549 0.00000000
 91.00000000 0.71071335 0.11764706 0.66666667 0.29813665
 18.00000000 0.05264543 0.14705882 0.32352941 0.00000000
 125.00000000 0.60515925 0.08823529 0.75490196 0.40683230
 25.00000000 0.15793630 0.08823529 0.00000000 0.07763975
 10.00000000 0.07896815 0.17647059 0.39215686 0.05279503
 107.00000000 0.76309555 0.11764706 0.68627451 0.40372671
 126.00000000 0.49986839 0.08823529 0.50980392 0.00000000
 18.00000000 0.10529087 0.08823529 0.97058824 0.00000000
 23.00000000 0.23690445 0.17647059 0.70588235 0.10559006
 14.00000000 0.10529087 0.08823529 0.65686275 0.00000000
 13.00000000 0.07896815 0.08823529 0.56862745 0.00000000
 12.00000000 0.07896815 0.08823529 0.54901961 0.00000000
 41.00000000 0.15793630 0.11764706 0.00000000 0.21118012
 74.00000000 0.23690445 0.08823529 0.56862745 0.00000000
 10.00000000 0.07896815 0.08823529 0.54901961 0.00000000
 141.00000000 0.60515925 0.08823529 0.72549020 0.00000000
 15.00000000 0.07896815 0.11764706 0.74509804 0.05279503
 142.00000000 0.60515925 0.11764706 0.68627451 0.48447205
 90.00000000 0.65806791 0.08823529 0.51960784 0.00000000
 13.00000000 0.07896815 0.08823529 0.50000000 0.00000000
 14.00000000 0.07896815 0.08823529 0.56862745 0.04658385
 146.00000000 0.60515925 0.08823529 0.72549020 0.48757764
 61.00000000 0.15793630 0.08823529 0.37254902 0.00000000
 20.00000000 0.10529087 0.23529412 0.42156863 0.10869565
 129.00000000 0.73677283 0.08823529 0.74509804 0.40372671
 14.00000000 0.21058173 0.14705882 0.57843137 0.05279503
 134.00000000 0.65806791 0.14705882 0.75490196 0.50310559
 22.00000000 0.21058173 0.11764706 0.62745098 0.00000000
 68.00000000 0.18425902 0.08823529 0.49019608 0.00000000
 117.00000000 0.76309555 0.14705882 0.75490196 0.42236025
 24.00000000 0.21058173 0.11764706 0.60784314 0.00000000
 16.00000000 0.21058173 0.17647059 0.54901961 0.08385093
 140.00000000 0.68439063 0.14705882 0.71568627 0.54037267
 25.00000000 0.18425902 0.14705882 0.53921569 0.08695652
 15.00000000 0.18425902 0.14705882 0.47058824 0.04658385
 132.00000000 0.63148197 0.14705882 0.74509804 0.44409938
 41.00000000 0.21058173 0.17647059 0.94117647 0.00000000
 11.00000000 0.15793630 0.11764706 0.68627451 0.05900621
 6.00000000 0.13161358 0.08823529 0.90196078 0.02795031
 115.00000000 0.78968150 0.14705882 0.67647059 0.36024845
 135.00000000 0.63148197 0.08823529 0.72549020 0.00000000
 126.00000000 0.52645433 0.08823529 0.52941176 0.00000000
 22.00000000 0.13161358 0.08823529 0.81372549 0.09937888
 34.00000000 0.13161358 0.32352941 0.77450980 0.00000000
 74.00000000 0.68439063 0.08823529 0.57843137 0.27018634
 110.00000000 0.73677283 0.11764706 0.68627451 0.37888199
 136.00000000 0.63148197 0.11764706 0.73529412 0.50310559
 22.00000000 0.18425902 0.11764706 0.73529412 0.00000000
 37.00000000 0.15793630 0.29411765 0.97058824 0.00000000
 162.00000000 0.78968150 0.14705882 0.82352941 0.55900621
 28.00000000 0.07896815 0.11764706 0.80392157 0.00000000
 115.00000000 0.47380890 0.14705882 0.57843137 0.36956522
 0.00000000 0.00000000 0.00000000 0.00000000 0.00000000
 36.00000000 0.10529087 0.08823529 0.96078431 0.24844720
 122.00000000 0.44748618 0.11764706 0.41176471 0.39130435
 104.00000000 0.42116346 0.14705882 0.50980392 0.00000000
 36.00000000 0.10529087 0.11764706 1.00000000 0.23913043
 10.00000000 0.07896815 0.08823529 0.53921569 0.00000000
 105.00000000 0.49986839 0.11764706 0.48039216 0.00000000
 62.00000000 0.15793630 0.08823529 0.50000000 0.00000000
 12.00000000 0.07896815 0.20588235 0.44117647 0.00000000
 99.00000000 0.52645433 0.20588235 0.53921569 0.33229814
 34.00000000 0.13161358 0.08823529 0.00000000 0.23913043
 96.00000000 0.57909976 0.08823529 0.60784314 0.31366460
 94.00000000 0.68439063 0.26470588 0.53921569 0.00000000
 38.00000000 0.13161358 0.08823529 0.00000000 0.29503106
 152.00000000 0.42116346 0.08823529 0.38235294 0.51863354
 91.00000000 0.57909976 0.23529412 0.55882353 0.30745342
 3.00000000 0.07896815 0.20588235 0.46078431 0.01863354
 32.00000000 0.13161358 0.11764706 0.00000000 0.22981366
 0.00000000 0.00000000 0.00000000 0.00000000 0.00000000
 26.00000000 0.07896815 0.14705882 0.72549020 0.19565217
 3.00000000 0.07896815 0.08823529 0.58823529 0.01863354
 3.00000000 0.07896815 0.08823529 0.55882353 0.01863354
 81.00000000 0.57909976 0.08823529 0.50980392 0.00000000
 179.00000000 0.76309555 0.70588235 0.59803922 0.59937888
 20.00000000 0.15793630 0.08823529 0.52941176 0.06521739
 186.00000000 0.71071335 0.17647059 0.54901961 0.79192547
 115.00000000 0.49986839 0.14705882 0.45098039 0.37888199
 29.00000000 0.07896815 0.23529412 0.48039216 0.00000000
 3.00000000 0.02632272 0.11764706 0.31372549 0.03105590
 127.00000000 0.73677283 0.52941176 0.56862745 0.44720497
 74.00000000 0.28954988 0.14705882 0.44117647 0.27639752
 18.00000000 0.02632272 0.08823529 0.43137255 0.11801242
 28.00000000 0.05264543 0.26470588 0.45098039 0.00000000
 64.00000000 0.10529087 0.14705882 0.64705882 0.31055901
 128.00000000 0.49986839 0.17647059 0.00000000 0.40683230
 226.00000000 0.65806791 0.58823529 0.54901961 0.80745342
 38.00000000 0.05264543 0.11764706 0.69607843 0.21428571
 101.00000000 0.42116346 0.14705882 0.27450980 0.32298137
 75.00000000 0.21058173 0.00000000 0.28431373 0.00000000
 0.00000000 0.00000000 0.00000000 0.00000000 0.00000000
 15.00000000 0.15793630 0.08823529 0.54901961 0.06521739
 116.00000000 0.49986839 0.17647059 0.47058824 0.00000000
 199.00000000 0.73677283 0.73529412 0.58823529 0.70496894
 33.00000000 0.02632272 0.08823529 0.50000000 0.19565217
 21.00000000 0.02632272 0.08823529 0.41176471 0.00000000
 118.00000000 0.36825480 0.11764706 0.20588235 0.00000000
 115.00000000 0.63148197 0.38235294 0.56862745 0.37577640
 180.00000000 0.65806791 0.20588235 0.54901961 0.77950311
 25.00000000 0.00000000 0.08823529 0.35294118 0.13975155
 129.00000000 0.47380890 0.17647059 0.40196078 0.00000000
 68.00000000 0.07896815 0.26470588 0.58823529 0.30434783
 23.00000000 0.10529087 0.08823529 0.44117647 0.07453416
 15.00000000 0.07896815 0.08823529 0.39215686 0.05590062
 51.00000000 0.15793630 0.23529412 0.41176471 0.00000000
 87.00000000 0.23690445 0.08823529 0.23529412 0.00000000
 54.00000000 0.10529087 0.08823529 0.45098039 0.22670807
 14.00000000 0.05264543 0.08823529 0.38235294 0.04658385
 132.00000000 0.47380890 0.17647059 0.41176471 0.00000000
 12.00000000 0.02632272 0.23529412 0.24509804 0.00000000
 57.00000000 0.10529087 0.08823529 0.58823529 0.25465839
 21.00000000 0.07896815 0.08823529 0.43137255 0.00000000
 67.00000000 0.18425902 0.08823529 0.00000000 0.00000000
 162.00000000 0.78968150 0.23529412 0.64705882 0.98757764
 18.00000000 0.13161358 0.08823529 0.51960784 0.09006211
 34.00000000 0.02632272 0.08823529 0.57843137 0.18944099
 34.00000000 0.05264543 0.08823529 0.45098039 0.16459627
 26.00000000 0.10529087 0.08823529 0.46078431 0.00000000
 134.00000000 0.49986839 0.26470588 0.50000000 0.00000000
 3.00000000 0.02632272 0.08823529 0.37254902 0.02795031
 24.00000000 0.13161358 0.08823529 0.69607843 0.09006211
 40.00000000 0.05264543 0.11764706 0.65686275 0.20496894
 18.00000000 0.15793630 0.08823529 0.49019608 0.06832298
 35.00000000 0.00000000 0.14705882 0.20588235 0.00000000
 64.00000000 0.05264543 0.32352941 0.42156863 0.23913043
 37.00000000 0.05264543 0.11764706 0.63725490 0.20186335
 198.00000000 0.81600421 0.17647059 0.58823529 0.77950311
 47.00000000 0.07896815 0.11764706 0.62745098 0.27639752
 7.00000000 0.00000000 0.08823529 0.19607843 0.02795031
 0.00000000 0.68439063 0.32352941 0.00000000 0.91304348
 12.00000000 0.10529087 0.08823529 0.67647059 0.06211180
 3.00000000 0.05264543 0.08823529 0.47058824 0.02484472
 11.00000000 0.02632272 0.08823529 0.30392157 0.03726708
 6.00000000 0.02632272 0.08823529 0.30392157 0.03105590
 112.00000000 0.07896815 0.23529412 0.47058824 0.39130435
 167.00000000 0.65806791 0.20588235 0.58823529 0.59627329
 11.00000000 0.10529087 0.08823529 0.63725490 0.05590062
 120.00000000 0.10529087 0.23529412 0.70588235 0.40683230
 68.00000000 0.15793630 0.08823529 0.28431373 0.00000000
 18.00000000 0.00000000 0.08823529 0.34313725 0.16770186
 92.00000000 0.07896815 0.26470588 0.54901961 0.31055901
 64.00000000 0.10529087 0.11764706 0.62745098 0.29503106
 93.00000000 0.60515925 0.29411765 0.50000000 0.00000000
 203.00000000 0.78968150 0.20588235 0.60784314 0.77950311
 12.00000000 0.07896815 0.08823529 0.57843137 0.04968944
 26.00000000 0.02632272 0.08823529 0.47058824 0.18322981
 12.00000000 0.00000000 0.08823529 0.24509804 0.05590062
 28.00000000 0.02632272 0.26470588 0.35294118 0.09937888
 8.00000000 0.00000000 0.08823529 0.18627451 0.04347826
 178.00000000 0.65806791 0.20588235 0.51960784 0.75155280
 0.00000000 0.71071335 0.32352941 0.00000000 0.00000000
 76.00000000 0.05264543 0.35294118 0.48039216 0.27950311
 256.00000000 0.78968150 0.41176471 0.64705882 0.00000000
 13.00000000 0.13161358 0.08823529 0.63725490 0.05590062
 26.00000000 0.00000000 0.23529412 0.26470588 0.00000000
 32.00000000 0.02632272 0.08823529 0.49019608 0.17391304
 138.00000000 0.00000000 0.17647059 0.51960784 0.42857143
 245.00000000 0.73677283 0.47058824 0.62745098 0.93167702
 82.00000000 0.05264543 0.08823529 0.38235294 0.00000000
 3.00000000 0.02632272 0.08823529 0.34313725 0.01863354
 85.00000000 0.26322717 0.11764706 0.34313725 0.00000000
 0.00000000 0.00000000 0.00000000 0.00000000 0.00000000
 91.00000000 0.00000000 0.08823529 0.31372549 0.00000000
 74.00000000 0.07896815 0.08823529 0.37254902 0.25465839
 149.00000000 0.52645433 0.00000000 0.55882353 0.49068323
 31.00000000 0.02632272 0.08823529 0.52941176 0.23913043
 29.00000000 0.02632272 0.08823529 0.40196078 0.15527950
 16.00000000 0.07896815 0.08823529 0.60784314 0.05279503
 42.00000000 0.07896815 0.08823529 0.68627451 0.25155280
 98.00000000 0.05264543 0.17647059 0.23529412 0.32298137
 15.00000000 0.00000000 0.14705882 0.20588235 0.05590062
 0.00000000 0.81600421 0.32352941 0.00000000 0.00000000
 186.00000000 0.78968150 0.17647059 0.55882353 0.66770186
 3.00000000 0.02632272 0.08823529 0.33333333 0.03105590
 14.00000000 0.15793630 0.08823529 0.62745098 0.05590062
 152.00000000 0.57909976 0.20588235 0.59803922 0.00000000
 105.00000000 0.73677283 0.35294118 0.56862745 0.38198758
 145.00000000 0.63148197 0.14705882 0.64705882 0.00000000
 118.00000000 0.49986839 0.29411765 0.57843137 0.42546584
 165.00000000 0.39484075 0.20588235 0.26470588 0.53105590
 189.00000000 0.47380890 0.23529412 0.55882353 0.62422360
 121.00000000 0.57909976 0.55882353 0.52941176 0.38509317
 118.00000000 0.76309555 0.29411765 0.45098039 0.00000000
 152.00000000 0.68439063 0.14705882 0.63725490 0.51863354
 90.00000000 0.68439063 0.35294118 0.45098039 0.29192547
 201.00000000 0.52645433 0.23529412 0.59803922 0.73602484
 166.00000000 0.57909976 0.23529412 0.54901961 0.00000000
 114.00000000 0.57909976 0.47058824 0.47058824 0.39751553
 215.00000000 0.60515925 0.23529412 0.63725490 0.77950311
 109.00000000 0.42116346 0.11764706 0.38235294 0.36335404
 135.00000000 0.39484075 0.17647059 0.27450980 0.44409938
 138.00000000 0.55277705 0.44117647 0.66666667 0.45031056
 148.00000000 0.60515925 0.17647059 0.61764706 0.00000000
 122.00000000 0.44748618 0.11764706 0.49019608 0.00000000
 122.00000000 0.73677283 0.29411765 0.58823529 0.45031056
 138.00000000 0.52645433 0.47058824 0.66666667 0.46894410
 154.00000000 0.52645433 0.32352941 0.50000000 0.50621118
 117.00000000 0.55277705 0.50000000 0.48039216 0.40062112
 169.00000000 0.39484075 0.23529412 0.32352941 0.55279503
 137.00000000 0.52645433 0.32352941 0.61764706 0.47515528
 158.00000000 0.76309555 0.17647059 0.70588235 0.50931677
 135.00000000 0.49986839 0.41176471 0.65686275 0.48447205
 143.00000000 0.60515925 0.38235294 0.50000000 0.00000000
 131.00000000 0.73677283 0.23529412 0.66666667 0.45652174
 169.00000000 0.44748618 0.23529412 0.35294118 0.62422360
 178.00000000 0.49986839 0.29411765 0.45098039 0.61180124
 178.00000000 0.78968150 0.17647059 0.74509804 0.61180124
 153.00000000 0.71071335 0.14705882 0.62745098 0.57142857
 154.00000000 0.49986839 0.11764706 0.48039216 0.53726708
 139.00000000 0.52645433 0.29411765 0.59803922 0.43478261
 171.00000000 0.42116346 0.20588235 0.26470588 0.54037267
 111.00000000 0.44748618 0.14705882 0.48039216 0.35403727
 182.00000000 0.52645433 0.29411765 0.45098039 0.59316770
 99.00000000 0.68439063 0.35294118 0.49019608 0.34161491
 125.00000000 0.76309555 0.23529412 0.58823529 0.41925466
 120.00000000 0.73677283 0.23529412 0.61764706 0.45031056
 145.00000000 0.57909976 0.20588235 0.62745098 0.47826087
 138.00000000 0.42116346 0.11764706 0.50000000 0.44720497
 159.00000000 0.57909976 0.58823529 0.59803922 0.49689441
 97.00000000 0.68439063 0.35294118 0.51960784 0.00000000
 144.00000000 0.57909976 0.47058824 0.66666667 0.49378882
 144.00000000 0.36825480 0.11764706 0.48039216 0.48447205
 136.00000000 0.47380890 0.11764706 0.48039216 0.42857143
 108.00000000 0.47380890 0.50000000 0.48039216 0.35403727
 113.00000000 0.47380890 0.17647059 0.33333333 0.00000000
 140.00000000 0.55277705 0.29411765 0.61764706 0.48757764
 131.00000000 0.49986839 0.17647059 0.42156863 0.00000000
 162.00000000 0.34219531 0.11764706 0.50000000 0.54347826
 94.00000000 0.52645433 0.17647059 0.45098039 0.00000000
 120.00000000 0.47380890 0.47058824 0.50000000 0.39130435
 126.00000000 0.49986839 0.41176471 0.55882353 0.42857143
 156.00000000 0.57909976 0.52941176 0.63725490 0.50621118
 127.00000000 0.47380890 0.11764706 0.47058824 0.00000000
 171.00000000 0.42116346 0.14705882 0.44117647 0.54968944
 118.00000000 0.49986839 0.20588235 0.48039216 0.39440994
 81.00000000 0.71071335 0.38235294 0.55882353 0.30124224
 118.00000000 0.52645433 0.23529412 0.52941176 0.43167702
 121.00000000 0.42116346 0.17647059 0.29411765 0.39130435
 107.00000000 0.52645433 0.52941176 0.47058824 0.38509317
 127.00000000 0.57909976 0.55882353 0.56862745 0.45962733
 145.00000000 0.57909976 0.23529412 0.56862745 0.49378882
 188.00000000 0.55277705 0.17647059 0.57843137 0.62732919
 61.00000000 0.65806791 0.17647059 0.31372549 0.00000000
 16.00000000 0.07896815 0.08823529 0.07843137 0.00000000
 26.00000000 0.10529087 0.11764706 0.16666667 0.10869565
 154.00000000 0.55277705 0.26470588 0.54901961 0.00000000
 14.00000000 0.07896815 0.08823529 0.12745098 0.00000000
 150.00000000 0.57909976 0.23529412 0.50980392 0.00000000
 113.00000000 0.47380890 0.23529412 0.48039216 0.00000000
 75.00000000 0.52645433 0.08823529 0.39215686 0.00000000
 27.00000000 0.07896815 0.08823529 0.08823529 0.00000000
 90.00000000 0.31587260 0.08823529 0.13725490 0.00000000
 80.00000000 0.68439063 0.20588235 0.44117647 0.00000000
 66.00000000 0.55277705 0.08823529 0.30392157 0.00000000
 75.00000000 0.42116346 0.08823529 0.51960784 0.00000000
 35.00000000 0.10529087 0.11764706 0.16666667 0.00000000
 112.00000000 0.63148197 0.14705882 0.19607843 0.00000000
 71.00000000 0.55277705 0.08823529 0.22549020 0.00000000
 159.00000000 0.60515925 0.26470588 0.57843137 0.00000000
 73.00000000 0.52645433 0.08823529 0.34313725 0.00000000
 61.00000000 0.65806791 0.20588235 0.29411765 0.00000000
 59.00000000 0.63148197 0.26470588 0.29411765 0.00000000
 66.00000000 0.65806791 0.17647059 0.30392157 0.00000000
 14.00000000 0.07896815 0.08823529 0.09803922 0.00000000
 74.00000000 0.42116346 0.08823529 0.19607843 0.00000000
 40.00000000 0.10529087 0.11764706 0.13725490 0.00000000
 138.00000000 0.52645433 0.29411765 0.48039216 0.00000000
 22.00000000 0.07896815 0.08823529 0.06862745 0.00000000
 58.00000000 0.57909976 0.14705882 0.29411765 0.00000000
 79.00000000 0.49986839 0.11764706 0.35294118 0.00000000
 86.00000000 0.52645433 0.11764706 0.39215686 0.00000000
 15.00000000 0.07896815 0.08823529 0.12745098 0.19254658
 67.00000000 0.47380890 0.08823529 0.25490196 0.00000000
 66.00000000 0.68439063 0.26470588 0.39215686 0.00000000
 20.00000000 0.07896815 0.11764706 0.09803922 0.08074534
 14.00000000 0.07896815 0.08823529 0.10784314 0.05590062
 116.00000000 0.49986839 0.08823529 0.10784314 0.00000000
 80.00000000 0.68439063 0.11764706 0.25490196 0.00000000
 102.00000000 0.47380890 0.14705882 0.40196078 0.00000000
 147.00000000 0.60515925 0.00000000 0.08823529 0.00000000
 8.00000000 0.07896815 0.08823529 0.04901961 0.00000000
 9.00000000 0.07896815 0.08823529 0.03921569 0.00000000
 0.00000000 0.00000000 0.00000000 0.00000000 0.00000000
 140.00000000 0.76309555 0.26470588 0.53921569 0.00000000
 132.00000000 0.60515925 0.08823529 0.10784314 0.00000000
 86.00000000 0.47380890 0.11764706 0.36274510 0.00000000
 9.00000000 0.05264543 0.08823529 0.00980392 0.00000000
 0.00000000 0.00000000 0.00000000 0.00000000 0.00000000
 86.00000000 0.44748618 0.08823529 0.28431373 0.00000000
 9.00000000 0.07896815 0.08823529 0.02941176 0.04347826
 3.00000000 0.07896815 0.08823529 0.04901961 0.00000000
 3.00000000 0.07896815 0.08823529 0.11764706 0.03726708
 128.00000000 0.49986839 0.08823529 0.22549020 0.00000000
 3.00000000 0.07896815 0.08823529 0.02941176 0.00000000
 3.00000000 0.05264543 0.08823529 0.00980392 0.00000000
 136.00000000 0.49986839 0.08823529 0.00000000 0.00000000
 3.00000000 0.07896815 0.08823529 0.02941176 0.02173913
 3.00000000 0.07896815 0.08823529 0.01960784 0.00000000
 110.00000000 0.49986839 0.08823529 0.23529412 0.00000000
 8.00000000 0.07896815 0.08823529 0.03921569 0.00000000
 3.00000000 0.07896815 0.08823529 0.03921569 0.00000000
 138.00000000 0.00000000 0.11764706 0.07843137 0.00000000
 89.00000000 0.47380890 0.08823529 0.29411765 0.00000000
 132.00000000 0.63148197 0.08823529 0.12745098 0.00000000
 11.00000000 0.05264543 0.08823529 0.00980392 0.00000000
 0.00000000 0.00000000 0.00000000 0.00000000 0.00000000
 84.00000000 0.44748618 0.08823529 0.36274510 0.00000000
 53.00000000 0.39484075 0.20588235 0.40196078 0.00000000
 18.00000000 0.13161358 0.23529412 0.18627451 0.00000000
 6.00000000 0.05264543 0.08823529 0.04901961 0.02795031
 86.00000000 0.68439063 0.14705882 0.39215686 0.00000000
 11.00000000 0.07896815 0.08823529 0.03921569 0.06832298
 10.00000000 0.07896815 0.08823529 0.02941176 0.04347826
 28.00000000 0.15793630 0.11764706 0.16666667 0.00000000
 80.00000000 0.68439063 0.14705882 0.41176471 0.00000000
 95.00000000 0.39484075 0.26470588 0.41176471 0.00000000
 10.00000000 0.07896815 0.08823529 0.09803922 0.00000000
 84.00000000 0.28954988 0.08823529 0.11764706 0.00000000
 90.00000000 0.68439063 0.11764706 0.34313725 0.00000000
 3.00000000 0.05264543 0.08823529 0.05882353 0.01863354
 97.00000000 0.47380890 0.11764706 0.42156863 0.00000000
 3.00000000 0.07896815 0.08823529 0.05882353 0.00000000
 139.00000000 0.63148197 0.08823529 0.13725490 0.00000000
 10.00000000 0.05264543 0.08823529 0.04901961 0.00000000
 89.00000000 0.65806791 0.08823529 0.24509804 0.00000000
 102.00000000 0.68439063 0.17647059 0.25490196 0.00000000
 8.00000000 0.07896815 0.08823529 0.07843137 0.00000000
 41.00000000 0.42116346 0.14705882 0.35294118 0.00000000
 8.00000000 0.07896815 0.08823529 0.07843137 0.00000000
 3.00000000 0.05264543 0.08823529 0.07843137 0.00000000
 95.00000000 0.65806791 0.08823529 0.27450980 0.00000000
 13.00000000 0.10529087 0.14705882 0.11764706 0.00000000
 81.00000000 0.68439063 0.17647059 0.44117647 0.00000000
 91.00000000 0.71071335 0.26470588 0.41176471 0.00000000
 48.00000000 0.13161358 0.08823529 0.21568627 0.14906832
 180.00000000 0.71071335 0.52941176 0.46078431 0.00000000
 149.00000000 0.60515925 0.23529412 0.45098039 0.50310559
 109.00000000 0.44748618 0.08823529 0.18627451 0.00000000
 47.00000000 0.13161358 0.17647059 0.28431373 0.00000000
 72.00000000 0.39484075 0.08823529 0.22549020 0.00000000
 161.00000000 0.65806791 0.38235294 0.44117647 0.00000000
 59.00000000 0.13161358 0.11764706 0.15686275 0.24844720
 153.00000000 0.65806791 0.23529412 0.44117647 0.51242236
 80.00000000 0.15793630 0.11764706 0.15686275 0.25465839
 147.00000000 0.65806791 0.20588235 0.42156863 0.51242236
 137.00000000 0.57909976 0.20588235 0.45098039 0.46583851
 58.00000000 0.13161358 0.08823529 0.11764706 0.00000000
 128.00000000 0.47380890 0.08823529 0.29411765 0.00000000
 29.00000000 0.10529087 0.08823529 0.07843137 0.00000000
 110.00000000 0.52645433 0.17647059 0.35294118 0.36024845
 32.00000000 0.10529087 0.08823529 0.07843137 0.00000000
 0.00000000 0.00000000 0.00000000 0.00000000 0.00000000
 118.00000000 0.55277705 0.17647059 0.32352941 0.37267081
 124.00000000 0.60515925 0.14705882 0.15686275 0.00000000
 34.00000000 0.10529087 0.08823529 0.09803922 0.00000000
 109.00000000 0.44748618 0.08823529 0.18627451 0.00000000
 157.00000000 0.68439063 0.44117647 0.48039216 0.00000000
 66.00000000 0.42116346 0.08823529 0.31372549 0.00000000
 116.00000000 0.44748618 0.08823529 0.16666667 0.00000000
 0.00000000 0.00000000 0.00000000 0.00000000 0.00000000
 78.00000000 0.13161358 0.11764706 0.15686275 0.00000000
 0.00000000 0.00000000 0.00000000 0.00000000 0.00000000
 131.00000000 0.49986839 0.14705882 0.44117647 0.00000000
 0.00000000 0.00000000 0.00000000 0.00000000 0.00000000
 71.00000000 0.44748618 0.08823529 0.17647059 0.00000000
 113.00000000 0.44748618 0.08823529 0.12745098 0.00000000
 68.00000000 0.42116346 0.08823529 0.37254902 0.00000000
 47.00000000 0.13161358 0.08823529 0.12745098 0.00000000
 99.00000000 0.42116346 0.08823529 0.11764706 0.00000000
 138.00000000 0.55277705 0.14705882 0.29411765 0.00000000
 132.00000000 0.57909976 0.14705882 0.16666667 0.00000000
 35.00000000 0.15793630 0.08823529 0.22549020 0.15217391
 119.00000000 0.55277705 0.14705882 0.49019608 0.00000000
 117.00000000 0.39484075 0.11764706 0.11764706 0.00000000
 140.00000000 0.73677283 0.23529412 0.46078431 0.45031056
 96.00000000 0.15793630 0.14705882 0.21568627 0.00000000
 0.00000000 0.00000000 0.00000000 0.00000000 0.00000000
 0.00000000 0.18425902 0.14705882 0.27450980 0.00000000
 128.00000000 0.44748618 0.08823529 0.16666667 0.00000000
 0.00000000 0.15793630 0.08823529 0.18627451 0.00000000
 130.00000000 0.44748618 0.17647059 0.28431373 0.00000000
 0.00000000 0.15793630 0.08823529 0.15686275 0.00000000
 133.00000000 0.68439063 0.20588235 0.50980392 0.00000000
 0.00000000 0.13161358 0.08823529 0.14705882 0.00000000
 123.00000000 0.44748618 0.08823529 0.13725490 0.00000000
 103.00000000 0.44748618 0.08823529 0.11764706 0.00000000
 109.00000000 0.49986839 0.23529412 0.31372549 0.36024845
 124.00000000 0.76309555 0.23529412 0.52941176 0.00000000
 30.00000000 0.10529087 0.08823529 0.00000000 0.00000000
 25.00000000 0.07896815 0.08823529 0.11764706 0.08695652
 72.00000000 0.52645433 0.17647059 0.29411765 0.00000000
 58.00000000 0.60515925 0.08823529 0.33333333 0.00000000
 26.00000000 0.00000000 0.08823529 0.09803922 0.00000000
 19.00000000 0.07896815 0.08823529 0.10784314 0.06832298
 19.00000000 0.07896815 0.08823529 0.10784314 0.07763975
 22.00000000 0.07896815 0.08823529 0.11764706 0.00000000
 118.00000000 0.73677283 0.20588235 0.47058824 0.00000000
 24.00000000 0.07896815 0.00000000 0.10784314 0.00000000
 60.00000000 0.52645433 0.17647059 0.26470588 0.00000000
 124.00000000 0.49986839 0.11764706 0.39215686 0.00000000
 89.00000000 0.49986839 0.17647059 0.28431373 0.00000000
 135.00000000 0.47380890 0.11764706 0.32352941 0.00000000
 136.00000000 0.55277705 0.17647059 0.49019608 0.00000000
 70.00000000 0.68439063 0.11764706 0.38235294 0.00000000
 30.00000000 0.10529087 0.08823529 0.07843137 0.00000000
 118.00000000 0.52645433 0.20588235 0.35294118 0.40062112
 14.00000000 0.07896815 0.08823529 0.08823529 0.00000000
 80.00000000 0.42116346 0.08823529 0.29411765 0.00000000
 50.00000000 0.55277705 0.14705882 0.29411765 0.00000000
 0.00000000 0.00000000 0.00000000 0.00000000 0.00000000
 75.00000000 0.10529087 0.11764706 0.31372549 0.26708075
 47.00000000 0.00000000 0.00000000 0.00000000 0.00000000
 11.00000000 0.00000000 0.00000000 0.00000000 0.00000000
 95.00000000 0.44748618 0.08823529 0.41176471 0.00000000
 10.00000000 0.00000000 0.00000000 0.00000000 0.00000000
 114.00000000 0.47380890 0.08823529 0.26470588 0.36645963
 86.00000000 0.10529087 0.08823529 0.28431373 0.40683230
 3.00000000 0.00000000 0.00000000 0.00000000 0.00000000
 128.00000000 0.52645433 0.08823529 0.38235294 0.39751553
 166.00000000 0.60515925 0.11764706 0.40196078 0.00000000
 55.00000000 0.57909976 0.14705882 0.41176471 0.00000000
 46.00000000 0.00000000 0.00000000 0.00000000 0.00000000
 3.00000000 0.00000000 0.00000000 0.00000000 0.00000000
 38.00000000 0.21058173 0.08823529 0.23529412 0.15217391
 100.00000000 0.10529087 0.14705882 0.27450980 0.37267081
 107.00000000 0.49986839 0.08823529 0.24509804 0.37267081
 3.00000000 0.00000000 0.00000000 0.00000000 0.00000000
 164.00000000 0.63148197 0.17647059 0.52941176 0.55900621
 92.00000000 0.10529087 0.23529412 0.24509804 0.39751553
 178.00000000 0.63148197 0.17647059 0.49019608 0.56211180
 27.00000000 0.10529087 0.14705882 0.21568627 0.08695652
 73.00000000 0.47380890 0.11764706 0.40196078 0.00000000
 6.00000000 0.00000000 0.00000000 0.00000000 0.00000000
 83.00000000 0.42116346 0.08823529 0.27450980 0.27329193
 68.00000000 0.47380890 0.11764706 0.39215686 0.00000000
 27.00000000 0.00000000 0.00000000 0.00000000 0.00000000
 43.00000000 0.00000000 0.00000000 0.00000000 0.00000000
 3.00000000 0.00000000 0.00000000 0.00000000 0.00000000
 20.00000000 0.07896815 0.11764706 0.23529412 0.09627329
 136.00000000 0.65806791 0.14705882 0.52941176 0.45962733
 15.00000000 0.05264543 0.08823529 0.15686275 0.06832298
 3.00000000 0.00000000 0.00000000 0.00000000 0.00000000
 139.00000000 0.63148197 0.14705882 0.50000000 0.45962733
 10.00000000 0.00000000 0.00000000 0.00000000 0.00000000
 16.00000000 0.00000000 0.00000000 0.00000000 0.00000000
 61.00000000 0.52645433 0.11764706 0.40196078 0.00000000
 57.00000000 0.13161358 0.23529412 0.25490196 0.00000000
 3.00000000 0.00000000 0.00000000 0.00000000 0.00000000
 97.00000000 0.47380890 0.08823529 0.42156863 0.30434783
 144.00000000 0.63148197 0.17647059 0.45098039 0.49689441
 36.00000000 0.39484075 0.08823529 0.27450980 0.20807453
 3.00000000 0.00000000 0.00000000 0.00000000 0.00000000
 27.00000000 0.10529087 0.17647059 0.21568627 0.13354037
 22.00000000 0.00000000 0.00000000 0.00000000 0.00000000
 48.00000000 0.00000000 0.00000000 0.00000000 0.00000000
 83.00000000 0.42116346 0.11764706 0.30392157 0.26708075
 85.00000000 0.42116346 0.08823529 0.29411765 0.29192547
 16.00000000 0.00000000 0.00000000 0.00000000 0.00000000
 20.00000000 0.00000000 0.00000000 0.00000000 0.00000000
 87.00000000 0.49986839 0.20588235 0.51960784 0.27950311
 3.00000000 0.00000000 0.00000000 0.00000000 0.00000000
 47.00000000 0.00000000 0.00000000 0.20588235 0.16459627
 135.00000000 0.55277705 0.08823529 0.19607843 0.00000000
 31.00000000 0.00000000 0.00000000 0.00000000 0.00000000
 21.00000000 0.00000000 0.00000000 0.00000000 0.00000000
 27.00000000 0.00000000 0.00000000 0.00000000 0.00000000
 97.00000000 0.49986839 0.17647059 0.55882353 0.33540373
 13.00000000 0.00000000 0.00000000 0.00000000 0.00000000
 45.00000000 0.55277705 0.20588235 0.40196078 0.00000000
 154.00000000 0.47380890 0.11764706 0.35294118 0.50931677
 154.00000000 0.44748618 0.14705882 0.46078431 0.52484472
 36.00000000 0.00000000 0.00000000 0.00000000 0.00000000
 46.00000000 0.55277705 0.23529412 0.40196078 0.00000000
 30.00000000 0.52645433 0.26470588 0.47058824 0.13664596
 34.00000000 0.00000000 0.00000000 0.00000000 0.00000000
 21.00000000 0.00000000 0.00000000 0.00000000 0.00000000
 27.00000000 0.00000000 0.00000000 0.00000000 0.00000000
 19.00000000 0.00000000 0.00000000 0.00000000 0.00000000
 20.00000000 0.00000000 0.00000000 0.00000000 0.00000000
 121.00000000 0.55277705 0.08823529 0.21568627 0.39440994
 35.00000000 0.00000000 0.00000000 0.23529412 0.12732919
 6.00000000 0.00000000 0.00000000 0.00000000 0.00000000
 78.00000000 0.49986839 0.23529412 0.50000000 0.25465839
 54.00000000 0.21058173 0.08823529 0.19607843 0.00000000
 86.00000000 0.52645433 0.17647059 0.36274510 0.39130435
 3.00000000 0.00000000 0.00000000 0.00000000 0.00000000
 102.00000000 0.52645433 0.14705882 0.53921569 0.36956522
 142.00000000 0.57909976 0.08823529 0.35294118 0.44409938
 53.00000000 0.07896815 0.20588235 0.18627451 0.16770186
 60.00000000 0.07896815 0.23529412 0.17647059 0.22670807
 12.00000000 0.00000000 0.00000000 0.00000000 0.00000000
 3.00000000 0.00000000 0.00000000 0.00000000 0.00000000
 136.00000000 0.42116346 0.11764706 0.42156863 0.48447205
 100.00000000 0.49986839 0.08823529 0.23529412 0.34472050
 3.00000000 0.00000000 0.00000000 0.00000000 0.00000000
 144.00000000 0.60515925 0.08823529 0.38235294 0.47515528
 78.00000000 0.10529087 0.26470588 0.21568627 0.34161491
 158.00000000 0.60515925 0.23529412 0.38235294 0.54347826
 143.00000000 0.65806791 0.14705882 0.46078431 0.48447205
 26.00000000 0.00000000 0.00000000 0.00000000 0.00000000
 89.00000000 0.49986839 0.08823529 0.28431373 0.35403727
 3.00000000 0.00000000 0.00000000 0.00000000 0.00000000
 40.00000000 0.00000000 0.00000000 0.00000000 0.00000000
 139.00000000 0.57909976 0.08823529 0.23529412 0.00000000
 157.00000000 0.42116346 0.14705882 0.43137255 0.58385093
 56.00000000 0.00000000 0.00000000 0.00000000 0.00000000
 16.00000000 0.00000000 0.00000000 0.00000000 0.00000000
 19.00000000 0.00000000 0.00000000 0.00000000 0.00000000
 3.00000000 0.00000000 0.00000000 0.00000000 0.00000000
 149.00000000 0.57909976 0.08823529 0.27450980 0.00000000
 101.00000000 0.52645433 0.08823529 0.46078431 0.33229814
 54.00000000 0.00000000 0.00000000 0.00000000 0.00000000
 3.00000000 0.00000000 0.00000000 0.00000000 0.00000000
 45.00000000 0.57909976 0.17647059 0.42156863 0.00000000
 34.00000000 0.00000000 0.08823529 0.00000000 0.12422360
 51.00000000 0.23690445 0.08823529 0.14705882 0.00000000
 125.00000000 0.44748618 0.14705882 0.42156863 0.44409938
 149.00000000 0.71071335 0.20588235 0.52941176 0.57142857
 93.00000000 0.44748618 0.23529412 0.47058824 0.35714286
 118.00000000 0.44748618 0.08823529 0.33333333 0.37267081
 86.00000000 0.44748618 0.08823529 0.27450980 0.00000000
 77.00000000 0.36825480 0.11764706 0.30392157 0.27329193
 0.00000000 0.00000000 0.00000000 0.00000000 0.00000000
 107.00000000 0.68439063 0.17647059 0.51960784 0.40372671
 137.00000000 0.49986839 0.17647059 0.45098039 0.46273292
 118.00000000 0.42116346 0.08823529 0.27450980 0.00000000
 68.00000000 0.44748618 0.08823529 0.27450980 0.24844720
 89.00000000 0.44748618 0.08823529 0.26470588 0.29503106
 98.00000000 0.60515925 0.14705882 0.50980392 0.35403727
 8.00000000 0.00000000 0.00000000 0.00000000 0.00000000
 90.00000000 0.44748618 0.23529412 0.49019608 0.31055901
 76.00000000 0.44748618 0.11764706 0.31372549 0.26086957
 92.00000000 0.47380890 0.08823529 0.44117647 0.31055901
 113.00000000 0.44748618 0.11764706 0.42156863 0.36956522
 95.00000000 0.44748618 0.20588235 0.47058824 0.36024845
 82.00000000 0.39484075 0.14705882 0.36274510 0.27639752
 146.00000000 0.49986839 0.17647059 0.47058824 0.49689441
 110.00000000 0.47380890 0.11764706 0.35294118 0.36645963
 128.00000000 0.49986839 0.17647059 0.45098039 0.46894410
 120.00000000 0.44748618 0.17647059 0.46078431 0.40062112
 23.00000000 0.10529087 0.08823529 0.09803922 0.00000000
 154.00000000 0.57909976 0.17647059 0.47058824 0.53726708
 76.00000000 0.39484075 0.11764706 0.33333333 0.24534161
 94.00000000 0.44748618 0.11764706 0.33333333 0.33850932
 103.00000000 0.44748618 0.08823529 0.32352941 0.36956522
 101.00000000 0.49986839 0.08823529 0.42156863 0.32919255
 103.00000000 0.44748618 0.11764706 0.40196078 0.34161491
 159.00000000 0.65806791 0.20588235 0.50000000 0.59006211
 100.00000000 0.44748618 0.08823529 0.32352941 0.34782609
 0.00000000 0.00000000 0.00000000 0.00000000 0.00000000
 99.00000000 0.44748618 0.08823529 0.40196078 0.00000000
 37.00000000 0.26322717 0.08823529 0.15686275 0.00000000
 160.00000000 0.71071335 0.20588235 0.54901961 0.68322981
 73.00000000 0.42116346 0.08823529 0.23529412 0.25776398
 112.00000000 0.42116346 0.08823529 0.23529412 0.00000000
 102.00000000 0.36825480 0.17647059 0.35294118 0.00000000
 3.00000000 0.00000000 0.00000000 0.00000000 0.00000000
 93.00000000 0.00000000 0.00000000 0.00000000 0.29503106
 3.00000000 0.00000000 0.00000000 0.00000000 0.00000000
 103.00000000 0.44748618 0.11764706 0.38235294 0.37577640
 36.00000000 0.21058173 0.08823529 0.15686275 0.13664596
 114.00000000 0.00000000 0.00000000 0.18627451 0.00000000
 89.00000000 0.42116346 0.11764706 0.37254902 0.34161491
 76.00000000 0.39484075 0.08823529 0.20588235 0.25465839
 78.00000000 0.39484075 0.20588235 0.43137255 0.26708075
 78.00000000 0.36825480 0.11764706 0.21568627 0.28881988
 94.00000000 0.00000000 0.08823529 0.00000000 0.32298137
 44.00000000 0.21058173 0.08823529 0.15686275 0.00000000
 32.00000000 0.23690445 0.08823529 0.13725490 0.12732919
 85.00000000 0.42116346 0.14705882 0.43137255 0.00000000
 89.00000000 0.42116346 0.08823529 0.31372549 0.32919255
 105.00000000 0.39484075 0.08823529 0.00000000 0.00000000
 103.00000000 0.52645433 0.11764706 0.48039216 0.00000000
 95.00000000 0.44748618 0.08823529 0.45098039 0.29813665
 85.00000000 0.42116346 0.08823529 0.19607843 0.29503106
 86.00000000 0.39484075 0.08823529 0.14705882 0.27018634
 43.00000000 0.28954988 0.08823529 0.16666667 0.00000000
 90.00000000 0.42116346 0.23529412 0.45098039 0.32608696
 58.00000000 0.42116346 0.23529412 0.23529412 0.18322981
 0.00000000 0.00000000 0.00000000 0.00000000 0.00000000
 126.00000000 0.44748618 0.41176471 0.50000000 0.00000000
 76.00000000 0.60515925 0.32352941 0.42156863 0.23602484
 86.00000000 0.55277705 0.23529412 0.35294118 0.00000000
 0.00000000 0.00000000 0.00000000 0.00000000 0.00000000
 0.00000000 0.00000000 0.00000000 0.00000000 0.00000000
 3.00000000 0.13161358 0.08823529 0.18627451 0.13975155
 9.00000000 0.15793630 0.08823529 0.44117647 0.18633540
 3.00000000 0.15793630 0.08823529 0.31372549 0.16459627
 0.00000000 0.00000000 0.00000000 0.00000000 0.00000000
 110.00000000 0.39484075 0.35294118 0.31372549 0.00000000
 108.00000000 0.44748618 0.44117647 0.34313725 0.00000000
 0.00000000 0.00000000 0.00000000 0.00000000 0.00000000
 0.00000000 0.00000000 0.00000000 0.00000000 0.00000000
 0.00000000 0.00000000 0.00000000 0.00000000 0.00000000
 94.00000000 0.47380890 0.41176471 0.32352941 0.00000000
 106.00000000 0.60515925 0.58823529 0.44117647 0.00000000
 93.00000000 0.47380890 0.41176471 0.28431373 0.00000000
 3.00000000 0.13161358 0.08823529 0.20588235 0.05590062
 0.00000000 0.00000000 0.00000000 0.00000000 0.00000000
 3.00000000 0.13161358 0.08823529 0.18627451 0.08385093
 0.00000000 0.00000000 0.00000000 0.00000000 0.00000000
 84.00000000 0.60515925 0.61764706 0.35294118 0.00000000
 94.00000000 0.63148197 0.85294118 0.39215686 0.00000000
 73.00000000 0.52645433 0.29411765 0.40196078 0.28260870
 0.00000000 0.00000000 0.00000000 0.00000000 0.00000000
 0.00000000 0.00000000 0.00000000 0.00000000 0.00000000
 0.00000000 0.00000000 0.00000000 0.00000000 0.00000000
 85.00000000 0.65806791 0.64705882 0.42156863 0.00000000
 3.00000000 0.10529087 0.08823529 0.13725490 0.08695652
 99.00000000 0.36825480 0.26470588 0.19607843 0.00000000
 103.00000000 0.60515925 0.50000000 0.33333333 0.00000000
 8.00000000 0.07896815 0.08823529 0.09803922 0.05900621
 0.00000000 0.00000000 0.00000000 0.00000000 0.00000000
 0.00000000 0.00000000 0.00000000 0.00000000 0.00000000
 132.00000000 0.60515925 0.41176471 0.42156863 0.00000000
 0.00000000 0.00000000 0.00000000 0.00000000 0.00000000
 68.00000000 0.52645433 0.41176471 0.26470588 0.27639752
 3.00000000 0.13161358 0.08823529 0.17647059 0.08074534
 124.00000000 0.57909976 0.50000000 0.26470588 0.00000000
 100.00000000 0.60515925 0.79411765 0.38235294 0.00000000
 0.00000000 0.00000000 0.00000000 0.00000000 0.00000000
 0.00000000 0.00000000 0.00000000 0.00000000 0.00000000
 0.00000000 0.00000000 0.00000000 0.00000000 0.00000000
 70.00000000 0.52645433 0.26470588 0.38235294 0.22049689
 122.00000000 0.44748618 0.55882353 0.28431373 0.00000000
 18.00000000 0.13161358 0.08823529 0.14705882 0.13354037
 159.00000000 0.60515925 0.64705882 0.56862745 0.52795031
 0.00000000 0.00000000 0.00000000 0.00000000 0.00000000
 134.00000000 0.57909976 0.58823529 0.43137255 0.00000000
 134.00000000 0.49986839 0.44117647 0.57843137 0.00000000
 0.00000000 0.00000000 0.00000000 0.00000000 0.00000000
 3.00000000 0.15793630 0.11764706 0.21568627 0.29813665
 160.00000000 0.63148197 0.70588235 0.59803922 0.55279503
 138.00000000 0.65806791 0.58823529 0.45098039 0.00000000
 3.00000000 0.13161358 0.14705882 0.14705882 0.22670807
 169.00000000 0.65806791 0.58823529 0.51960784 0.53726708
 3.00000000 0.15793630 0.11764706 0.17647059 0.24844720
 112.00000000 0.73677283 0.67647059 0.42156863 0.36645963
 146.00000000 0.63148197 0.58823529 0.49019608 0.48136646
 3.00000000 0.13161358 0.08823529 0.19607843 0.20807453
 3.00000000 0.13161358 0.08823529 0.13725490 0.05900621
 0.00000000 0.00000000 0.00000000 0.00000000 0.00000000
 0.00000000 0.00000000 0.00000000 0.00000000 0.00000000
 0.00000000 0.00000000 0.00000000 0.00000000 0.00000000
 0.00000000 0.00000000 0.00000000 0.00000000 0.00000000
 148.00000000 0.52645433 0.50000000 0.35294118 0.52484472
 0.00000000 0.00000000 0.00000000 0.00000000 0.00000000
 3.00000000 0.13161358 0.08823529 0.19607843 0.15217391
 0.00000000 0.00000000 0.00000000 0.00000000 0.00000000
 0.00000000 0.00000000 0.00000000 0.00000000 0.00000000
 178.00000000 0.47380890 0.44117647 0.36274510 0.00000000
 0.00000000 0.00000000 0.00000000 0.00000000 0.00000000
 3.00000000 0.15793630 0.08823529 0.15686275 0.20496894
 162.00000000 0.39484075 0.44117647 0.40196078 0.00000000
 0.00000000 0.00000000 0.00000000 0.00000000 0.00000000
 0.00000000 0.00000000 0.00000000 0.00000000 0.00000000
 81.00000000 0.34219531 0.29411765 0.20588235 0.00000000
 0.00000000 0.00000000 0.00000000 0.00000000 0.00000000
 176.00000000 0.49986839 0.52941176 0.51960784 0.00000000
 0.00000000 0.00000000 0.00000000 0.00000000 0.00000000
 0.00000000 0.00000000 0.00000000 0.00000000 0.00000000
 0.00000000 0.00000000 0.00000000 0.00000000 0.00000000
 146.00000000 0.00000000 0.61764706 0.35294118 0.52173913
 0.00000000 0.00000000 0.00000000 0.00000000 0.00000000
 0.00000000 0.00000000 0.00000000 0.00000000 0.00000000
 0.00000000 0.00000000 0.00000000 0.00000000 0.00000000
 179.00000000 0.42116346 0.55882353 0.00000000 0.59937888
 11.00000000 0.13161358 0.08823529 0.18627451 0.11180124
 0.00000000 0.00000000 0.00000000 0.00000000 0.00000000
 159.00000000 0.65806791 0.38235294 0.44117647 0.00000000
 3.00000000 0.10529087 0.08823529 0.15686275 0.11180124
 138.00000000 0.42116346 0.58823529 0.31372549 0.45652174
 138.00000000 0.57909976 0.50000000 0.22549020 0.00000000
 76.00000000 0.28954988 0.26470588 0.19607843 0.00000000
 3.00000000 0.10529087 0.08823529 0.19607843 0.11490683
 0.00000000 0.00000000 0.00000000 0.00000000 0.00000000
 9.00000000 0.13161358 0.08823529 0.12745098 0.11180124
 94.00000000 0.42116346 0.35294118 0.24509804 0.00000000
 141.00000000 0.44748618 0.44117647 0.45098039 0.00000000
 180.00000000 0.52645433 0.67647059 0.51960784 0.00000000
 125.00000000 0.73677283 0.73529412 0.46078431 0.42857143
 6.00000000 0.15793630 0.08823529 0.35294118 0.23602484
 0.00000000 0.00000000 0.00000000 0.00000000 0.00000000
 156.00000000 0.49986839 0.50000000 0.24509804 0.00000000
 149.00000000 0.44748618 0.61764706 0.40196078 0.47826087
 3.00000000 0.15793630 0.08823529 0.41176471 0.19254658
 0.00000000 0.00000000 0.00000000 0.00000000 0.00000000
 166.00000000 0.44748618 0.61764706 0.33333333 0.00000000
 154.00000000 0.73677283 0.58823529 0.40196078 0.50310559
 3.00000000 0.13161358 0.08823529 0.35294118 0.16459627
 0.00000000 0.00000000 0.00000000 0.00000000 0.00000000
 0.00000000 0.00000000 0.00000000 0.00000000 0.00000000
 142.00000000 0.39484075 0.00000000 0.29411765 0.47204969
 0.00000000 0.00000000 0.00000000 0.00000000 0.00000000
 0.00000000 0.00000000 0.00000000 0.00000000 0.00000000
 21.00000000 0.10529087 0.14705882 0.21568627 0.08385093
 81.00000000 0.39484075 0.23529412 0.35294118 0.00000000
 0.00000000 0.00000000 0.00000000 0.00000000 0.00000000
 0.00000000 0.00000000 0.00000000 0.00000000 0.00000000
 154.00000000 0.60515925 0.47058824 0.53921569 0.00000000
 86.00000000 0.63148197 0.55882353 0.48039216 0.28571429
 22.00000000 0.13161358 0.23529412 0.33333333 0.00000000
 3.00000000 0.07896815 0.14705882 0.06862745 0.01863354
 0.00000000 0.00000000 0.00000000 0.00000000 0.00000000
 0.00000000 0.00000000 0.00000000 0.00000000 0.00000000
 140.00000000 0.63148197 0.41176471 0.42156863 0.00000000
 3.00000000 0.13161358 0.08823529 0.11764706 0.06521739
 107.00000000 0.39484075 0.29411765 0.52941176 0.00000000
 0.00000000 0.00000000 0.00000000 0.00000000 0.00000000
 0.00000000 0.00000000 0.00000000 0.00000000 0.00000000
 0.00000000 0.00000000 0.00000000 0.00000000 0.00000000
 126.00000000 0.55277705 0.44117647 0.26470588 0.42857143
 0.00000000 0.00000000 0.00000000 0.00000000 0.00000000
 97.00000000 0.63148197 0.52941176 0.51960784 0.33229814
 156.00000000 0.63148197 0.52941176 0.63725490 0.00000000
 99.00000000 0.63148197 0.50000000 0.50980392 0.31055901
 3.00000000 0.13161358 0.17647059 0.25490196 0.03726708
 169.00000000 0.63148197 0.38235294 0.43137255 0.00000000
 0.00000000 0.00000000 0.00000000 0.00000000 0.00000000
 108.00000000 0.65806791 0.52941176 0.61764706 0.34782609
 3.00000000 0.10529087 0.08823529 0.07843137 0.03726708
 113.00000000 0.34219531 0.26470588 0.27450980 0.00000000
 99.00000000 0.65806791 0.47058824 0.50000000 0.34472050
 102.00000000 0.49986839 0.38235294 0.27450980 0.00000000
 0.00000000 0.00000000 0.00000000 0.00000000 0.00000000
 152.00000000 0.57909976 0.50000000 0.37254902 0.00000000
 91.00000000 0.39484075 0.23529412 0.27450980 0.00000000
 0.00000000 0.00000000 0.00000000 0.00000000 0.00000000
 151.00000000 0.63148197 0.41176471 0.49019608 0.00000000
 0.00000000 0.00000000 0.00000000 0.00000000 0.00000000
 81.00000000 0.60515925 0.55882353 0.43137255 0.27018634
 47.00000000 0.07896815 0.14705882 0.08823529 0.00000000
 0.00000000 0.00000000 0.00000000 0.00000000 0.00000000
 0.00000000 0.00000000 0.00000000 0.00000000 0.00000000
 0.00000000 0.00000000 0.00000000 0.00000000 0.00000000
 136.00000000 0.60515925 0.41176471 0.46078431 0.46894410
 0.00000000 0.00000000 0.00000000 0.00000000 0.00000000
 0.00000000 0.00000000 0.00000000 0.00000000 0.00000000
 88.00000000 0.55277705 0.44117647 0.24509804 0.29503106
 28.00000000 0.18425902 0.14705882 0.45098039 0.00000000
 99.00000000 0.68439063 0.52941176 0.62745098 0.33540373
 0.00000000 0.00000000 0.00000000 0.00000000 0.00000000
 0.00000000 0.00000000 0.00000000 0.00000000 0.00000000
 11.00000000 0.10529087 0.08823529 0.00000000 0.00000000
 0.00000000 0.00000000 0.00000000 0.00000000 0.00000000
 105.00000000 0.49986839 0.38235294 0.39215686 0.00000000
 0.00000000 0.00000000 0.00000000 0.00000000 0.00000000
 0.00000000 0.15793630 0.23529412 0.59803922 0.00000000
 0.00000000 0.18425902 0.32352941 0.62745098 0.23602484
 205.00000000 0.52645433 0.29411765 0.35294118 0.00000000
 211.00000000 0.57909976 0.29411765 0.53921569 0.68322981
 180.00000000 0.63148197 0.26470588 0.49019608 0.00000000
 130.00000000 0.68439063 0.38235294 0.61764706 0.40372671
 179.00000000 0.55277705 0.29411765 0.43137255 0.55900621
 151.00000000 0.55277705 0.55882353 0.43137255 0.00000000
 259.00000000 0.89470913 0.47058824 0.68627451 0.00000000
 89.00000000 0.31587260 0.14705882 0.35294118 0.00000000
 0.00000000 0.21058173 0.17647059 0.56862745 0.00000000
 143.00000000 0.68439063 0.38235294 0.61764706 0.00000000
 161.00000000 0.68439063 0.26470588 0.58823529 0.00000000
 3.00000000 0.15793630 0.26470588 0.37254902 0.01863354
 0.00000000 0.15793630 0.26470588 0.75490196 0.00000000
 0.00000000 0.89470913 0.41176471 0.66666667 0.00000000
 148.00000000 0.68439063 0.41176471 0.63725490 0.00000000
 197.00000000 0.47380890 0.26470588 0.28431373 0.00000000
 127.00000000 0.71071335 0.38235294 0.40196078 0.00000000
 0.00000000 0.18425902 0.23529412 0.75490196 0.18633540
 0.00000000 0.21058173 0.17647059 0.46078431 0.00000000
 233.00000000 0.89470913 0.35294118 0.64705882 0.00000000
 0.00000000 0.18425902 0.26470588 0.76470588 0.18322981
 159.00000000 0.68439063 0.23529412 0.58823529 0.00000000
 149.00000000 0.68439063 0.35294118 0.62745098 0.00000000
 201.00000000 0.47380890 0.26470588 0.31372549 0.00000000
 247.00000000 0.86838642 0.47058824 0.71568627 0.00000000
 174.00000000 0.65806791 0.26470588 0.50980392 0.00000000
 0.00000000 0.18425902 0.23529412 0.64705882 0.17701863
 0.00000000 0.00000000 0.00000000 0.00000000 0.00000000
 0.00000000 0.18425902 0.17647059 0.55882353 0.00000000
 139.00000000 0.63148197 0.47058824 0.39215686 0.00000000
 177.00000000 0.49986839 0.26470588 0.34313725 0.56832298
 0.00000000 0.18425902 0.23529412 0.72549020 0.22049689
 245.00000000 0.92129508 0.47058824 0.72549020 0.80434783
 0.00000000 0.18425902 0.14705882 0.50980392 0.00000000
 0.00000000 0.18425902 0.50000000 0.61764706 0.21428571
 0.00000000 0.18425902 0.26470588 0.76470588 0.13664596
 0.00000000 0.18425902 0.17647059 0.40196078 0.00000000
 248.00000000 0.89470913 0.52941176 0.67647059 0.00000000
 0.00000000 0.23690445 0.00000000 0.00000000 0.00000000
 136.00000000 0.00000000 0.29411765 0.48039216 0.00000000
 0.00000000 0.15793630 0.00000000 0.00000000 0.00000000
 184.00000000 0.44748618 0.20588235 0.50000000 0.00000000
 122.00000000 0.39484075 0.17647059 0.50000000 0.00000000
 133.00000000 0.68439063 0.26470588 0.46078431 0.00000000
 0.00000000 0.15793630 0.00000000 0.00000000 0.00000000
 185.00000000 0.63148197 0.32352941 0.42156863 0.00000000
 119.00000000 0.57909976 0.23529412 0.44117647 0.00000000
 205.00000000 0.55277705 0.23529412 0.52941176 0.00000000
 0.00000000 0.18425902 0.00000000 0.00000000 0.00000000
 0.00000000 0.13161358 0.14705882 0.52941176 0.01863354
 142.00000000 0.63148197 0.00000000 0.51960784 0.00000000
 170.00000000 0.55277705 0.52941176 0.49019608 0.00000000
 54.00000000 0.21058173 0.11764706 0.32352941 0.00000000
 0.00000000 0.15793630 0.00000000 0.00000000 0.00000000
 209.00000000 0.52645433 0.20588235 0.47058824 0.00000000
 0.00000000 0.10529087 0.17647059 0.39215686 0.00000000
 177.00000000 0.60515925 0.38235294 0.49019608 0.00000000
 0.00000000 0.21058173 0.00000000 0.00000000 0.00000000
 130.00000000 0.60515925 0.26470588 0.00000000 0.00000000
 111.00000000 0.55277705 0.23529412 0.43137255 0.00000000
 206.00000000 0.44748618 0.20588235 0.47058824 0.00000000
 0.00000000 0.18425902 0.00000000 0.00000000 0.00000000
 0.00000000 0.13161358 0.14705882 0.44117647 0.01863354
 0.00000000 0.10529087 0.14705882 0.39215686 0.01863354
 121.00000000 0.52645433 0.14705882 0.47058824 0.00000000
 120.00000000 0.57909976 0.23529412 0.44117647 0.00000000
 159.00000000 0.76309555 0.32352941 0.60784314 0.00000000
 191.00000000 0.47380890 0.26470588 0.29411765 0.00000000
 0.00000000 0.21058173 0.00000000 0.00000000 0.00000000
 0.00000000 0.10529087 0.17647059 0.30392157 0.00000000
 0.00000000 0.18425902 0.14705882 0.59803922 0.00000000
 0.00000000 0.18425902 0.00000000 0.00000000 0.00000000
 187.00000000 0.55277705 0.20588235 0.48039216 0.00000000
 196.00000000 0.42116346 0.20588235 0.48039216 0.00000000
 152.00000000 0.68439063 0.35294118 0.57843137 0.00000000
 212.00000000 0.55277705 0.29411765 0.50980392 0.00000000
 178.00000000 0.63148197 0.29411765 0.51960784 0.00000000
 239.00000000 0.86838642 0.55882353 0.65686275 0.00000000
 0.00000000 0.15793630 0.50000000 0.62745098 0.00000000
 0.00000000 0.15793630 0.14705882 0.57843137 0.00000000
 0.00000000 0.18425902 0.50000000 0.64705882 0.00000000
 114.00000000 0.44748618 0.11764706 0.49019608 0.00000000
 193.00000000 0.55277705 0.26470588 0.51960784 0.62422360
 0.00000000 0.23690445 0.00000000 0.00000000 0.00000000
 200.00000000 0.60515925 0.29411765 0.56862745 0.68322981
 0.00000000 0.10529087 0.14705882 0.32352941 0.01863354
 184.00000000 0.63148197 0.32352941 0.46078431 0.00000000
 0.00000000 0.18425902 0.00000000 0.00000000 0.00000000
 150.00000000 0.52645433 0.55882353 0.43137255 0.00000000
 187.00000000 0.81600421 0.38235294 0.62745098 0.00000000
 0.00000000 0.18425902 0.17647059 0.62745098 0.01863354
 0.00000000 0.23690445 0.00000000 0.00000000 0.00000000
 0.00000000 0.13161358 0.14705882 0.50000000 0.00000000
 150.00000000 0.65806791 0.32352941 0.54901961 0.00000000
 97.00000000 0.34219531 0.11764706 0.42156863 0.00000000
 218.00000000 0.84232693 0.52941176 0.65686275 0.00000000
 205.00000000 0.55277705 0.32352941 0.46078431 0.00000000
 0.00000000 0.15793630 0.26470588 0.75490196 0.19254658
 167.00000000 0.52645433 0.17647059 0.48039216 0.00000000
 0.00000000 0.13161358 0.44117647 0.46078431 0.00000000
 0.00000000 0.18425902 0.14705882 0.41176471 0.00000000
 0.00000000 0.18425902 0.17647059 0.35294118 0.06832298
 0.00000000 0.13161358 0.26470588 0.55882353 0.12111801
 150.00000000 0.78968150 0.29411765 0.50980392 0.00000000
 142.00000000 0.73677283 0.29411765 0.50980392 0.00000000
 95.00000000 0.31587260 0.11764706 0.35294118 0.00000000
 100.00000000 0.60515925 0.26470588 0.40196078 0.00000000
 174.00000000 0.65806791 0.61764706 0.60784314 0.00000000
 0.00000000 0.00000000 0.00000000 0.00000000 0.00000000
 160.00000000 0.68439063 0.23529412 0.58823529 0.00000000
 132.00000000 0.63148197 0.38235294 0.49019608 0.00000000
 0.00000000 0.15793630 0.38235294 0.52941176 0.00000000
 165.00000000 0.68439063 0.52941176 0.64705882 0.00000000
 44.00000000 0.31587260 0.26470588 0.38235294 0.00000000
 71.00000000 0.26322717 0.11764706 0.40196078 0.00000000
 191.00000000 0.89470913 0.35294118 0.55882353 0.00000000
 120.00000000 0.55277705 0.23529412 0.40196078 0.00000000
 159.00000000 0.68439063 0.41176471 0.43137255 0.00000000
 163.00000000 0.76309555 0.29411765 0.59803922 0.00000000
 0.00000000 0.13161358 0.23529412 0.62745098 0.14596273
 192.00000000 0.86838642 0.32352941 0.55882353 0.00000000
 69.00000000 0.23690445 0.11764706 0.32352941 0.00000000
 115.00000000 0.71071335 0.26470588 0.43137255 0.00000000
 0.00000000 0.10529087 0.29411765 0.47058824 0.00000000
 114.00000000 0.65806791 0.52941176 0.61764706 0.44720497
 0.00000000 0.10529087 0.20588235 0.43137255 0.00000000
 170.00000000 0.76309555 0.32352941 0.52941176 0.00000000
 0.00000000 0.63148197 0.58823529 0.56862745 0.28881988
 118.00000000 0.57909976 0.32352941 0.48039216 0.00000000
 119.00000000 0.76309555 0.35294118 0.40196078 0.00000000
 116.00000000 0.73677283 0.26470588 0.45098039 0.00000000
 180.00000000 0.81600421 0.29411765 0.52941176 0.00000000
 0.00000000 0.21058173 0.17647059 0.36274510 0.00000000
 0.00000000 0.10529087 0.17647059 0.47058824 0.00000000
 147.00000000 0.52645433 0.17647059 0.50000000 0.00000000
 0.00000000 0.13161358 0.44117647 0.44117647 0.00000000
 0.00000000 0.13161358 0.23529412 0.55882353 0.49689441
 112.00000000 0.49986839 0.11764706 0.49019608 0.00000000
 148.00000000 0.71071335 0.23529412 0.53921569 0.00000000
 107.00000000 0.65806791 0.26470588 0.42156863 0.00000000
 0.00000000 0.18425902 0.17647059 0.36274510 0.04347826
 133.00000000 0.76309555 0.26470588 0.49019608 0.00000000
 155.00000000 0.73677283 0.26470588 0.54901961 0.00000000
 0.00000000 0.10529087 0.23529412 0.45098039 0.00000000
 0.00000000 0.15793630 0.23529412 0.73529412 0.16770186
 149.00000000 0.49986839 0.20588235 0.39215686 0.00000000
 208.00000000 0.89470913 0.32352941 0.64705882 0.00000000
 149.00000000 0.71071335 0.38235294 0.41176471 0.00000000
 0.00000000 0.15793630 0.26470588 0.72549020 0.15527950
 136.00000000 0.65806791 0.29411765 0.51960784 0.00000000
 170.00000000 0.47380890 0.23529412 0.33333333 0.00000000
 119.00000000 0.78968150 0.38235294 0.40196078 0.00000000
 83.00000000 0.26322717 0.11764706 0.33333333 0.00000000
 76.00000000 0.28954988 0.14705882 0.32352941 0.00000000
 0.00000000 0.15793630 0.38235294 0.48039216 0.00000000
 154.00000000 0.68439063 0.44117647 0.65686275 0.00000000
 9.00000000 0.18425902 0.29411765 0.28431373 0.00000000
 0.00000000 0.18425902 0.23529412 0.41176471 0.00000000
 0.00000000 0.21058173 0.17647059 0.43137255 0.00000000
 206.00000000 0.89470913 0.35294118 0.59803922 0.00000000
 176.00000000 0.78968150 0.29411765 0.53921569 0.00000000
 182.00000000 0.78968150 0.29411765 0.56862745 0.00000000
 128.00000000 0.65806791 0.29411765 0.51960784 0.00000000
 0.00000000 0.15793630 0.23529412 0.76470588 0.17080745
 0.00000000 0.18425902 0.20588235 0.38235294 0.10559006
 219.00000000 0.71071335 0.11764706 0.43137255 0.75465839
 69.00000000 0.63148197 0.08823529 0.45098039 0.26086957
 12.00000000 0.00000000 0.00000000 0.00000000 0.00000000
 11.00000000 0.00000000 0.00000000 0.00000000 0.00000000
 121.00000000 0.07896815 0.00000000 0.06862745 0.00000000
 85.00000000 0.13161358 0.08823529 0.14705882 0.00000000
 17.00000000 0.00000000 0.00000000 0.00000000 0.00000000
 14.00000000 0.00000000 0.00000000 0.00000000 0.00000000
 121.00000000 0.10529087 0.00000000 0.09803922 0.00000000
 130.00000000 0.76309555 0.08823529 0.52941176 0.00000000
 74.00000000 0.15793630 0.08823529 0.00000000 0.00000000
 127.00000000 0.10529087 0.00000000 0.07843137 0.40062112
 128.00000000 0.63148197 0.08823529 0.49019608 0.42236025
 3.00000000 0.00000000 0.00000000 0.00000000 0.00000000
 16.00000000 0.00000000 0.00000000 0.00000000 0.00000000
 107.00000000 0.57909976 0.08823529 0.46078431 0.36956522
 116.00000000 0.07896815 0.00000000 0.08823529 0.00000000
 115.00000000 0.76309555 0.08823529 0.45098039 0.46894410
 104.00000000 0.52645433 0.08823529 0.32352941 0.00000000
 115.00000000 0.57909976 0.08823529 0.41176471 0.39751553
 18.00000000 0.07896815 0.08823529 0.07843137 0.12732919
 119.00000000 0.60515925 0.08823529 0.52941176 0.00000000
 98.00000000 0.15793630 0.08823529 0.16666667 0.00000000
 23.00000000 0.00000000 0.00000000 0.00000000 0.00000000
 73.00000000 0.15793630 0.11764706 0.21568627 0.23291925
 103.00000000 0.55277705 0.08823529 0.43137255 0.31987578
 130.00000000 0.10529087 0.00000000 0.09803922 0.00000000
 184.00000000 0.63148197 0.08823529 0.46078431 0.00000000
 160.00000000 0.44748618 0.08823529 0.37254902 0.50931677
 84.00000000 0.07896815 0.00000000 0.06862745 0.38819876
 117.00000000 0.42116346 0.08823529 0.47058824 0.00000000
 14.00000000 0.00000000 0.00000000 0.00000000 0.00000000
 39.00000000 0.15793630 0.11764706 0.20588235 0.00000000
 29.00000000 0.13161358 0.08823529 0.21568627 0.09316770
 96.00000000 0.60515925 0.08823529 0.46078431 0.34161491
 58.00000000 0.07896815 0.00000000 0.05882353 0.00000000
 206.00000000 0.76309555 0.11764706 0.53921569 0.65838509
 161.00000000 0.52645433 0.08823529 0.31372549 0.00000000
 129.00000000 0.60515925 0.08823529 0.23529412 0.00000000
 3.00000000 0.00000000 0.00000000 0.00000000 0.00000000
 23.00000000 0.00000000 0.00000000 0.00000000 0.00000000
 107.00000000 0.10529087 0.00000000 0.09803922 0.34782609
 182.00000000 0.73677283 0.08823529 0.49019608 0.59627329
 128.00000000 0.52645433 0.08823529 0.39215686 0.00000000
 105.00000000 0.00000000 0.08823529 0.07843137 0.37267081
 10.00000000 0.00000000 0.00000000 0.00000000 0.00000000
 3.00000000 0.00000000 0.00000000 0.00000000 0.00000000
 38.00000000 0.07896815 0.00000000 0.05882353 0.17391304
 133.00000000 0.10529087 0.00000000 0.08823529 0.43167702
 41.00000000 0.00000000 0.08823529 0.04901961 0.13354037
 24.00000000 0.00000000 0.00000000 0.00000000 0.00000000
 14.00000000 0.00000000 0.00000000 0.00000000 0.00000000
 155.00000000 0.65806791 0.08823529 0.25490196 0.00000000
 170.00000000 0.65806791 0.08823529 0.26470588 0.00000000
 131.00000000 0.52645433 0.08823529 0.42156863 0.00000000
 64.00000000 0.18425902 0.08823529 0.20588235 0.25155280
 126.00000000 0.55277705 0.08823529 0.44117647 0.00000000
 115.00000000 0.52645433 0.08823529 0.35294118 0.00000000
 128.00000000 0.05264543 0.08823529 0.00000000 0.00000000
 25.00000000 0.10529087 0.08823529 0.09803922 0.00000000
 175.00000000 0.68439063 0.08823529 0.52941176 0.55590062
 65.00000000 0.23690445 0.08823529 0.18627451 0.00000000
 107.00000000 0.55277705 0.08823529 0.50000000 0.34161491
 95.00000000 0.07896815 0.00000000 0.08823529 0.32298137
 129.00000000 0.73677283 0.08823529 0.56862745 0.00000000
 81.00000000 0.21058173 0.08823529 0.27450980 0.00000000
 18.00000000 0.00000000 0.00000000 0.00000000 0.00000000
 170.00000000 0.52645433 0.08823529 0.40196078 0.54347826
 30.00000000 0.00000000 0.00000000 0.00000000 0.00000000
 102.00000000 0.49986839 0.08823529 0.38235294 0.00000000
 25.00000000 0.13161358 0.08823529 0.19607843 0.00000000
 112.00000000 0.55277705 0.08823529 0.41176471 0.00000000
 150.00000000 0.07896815 0.00000000 0.06862745 0.00000000
 72.00000000 0.00000000 0.00000000 0.00000000 0.00000000
 207.00000000 0.55277705 0.08823529 0.47058824 0.70807453
 115.00000000 0.10529087 0.00000000 0.09803922 0.40683230
 3.00000000 0.00000000 0.00000000 0.00000000 0.00000000
 0.00000000 0.00000000 0.00000000 0.00000000 0.00000000
 57.00000000 0.00000000 0.00000000 0.01960784 0.00000000
 177.00000000 0.63148197 0.08823529 0.55882353 0.55590062
 99.00000000 0.10529087 0.00000000 0.06862745 0.00000000
 112.00000000 0.57909976 0.08823529 0.51960784 0.38509317
 123.00000000 0.52645433 0.08823529 0.47058824 0.40372671
 63.00000000 0.00000000 0.00000000 0.00000000 0.00000000
 115.00000000 0.55277705 0.08823529 0.50980392 0.36645963
 122.00000000 0.07896815 0.00000000 0.07843137 0.41304348
 97.00000000 0.10529087 0.00000000 0.06862745 0.00000000
 195.00000000 0.52645433 0.08823529 0.41176471 0.61180124
 58.00000000 0.00000000 0.00000000 0.00000000 0.00000000
 45.00000000 0.00000000 0.00000000 0.00000000 0.00000000
 149.00000000 0.60515925 0.08823529 0.57843137 0.52484472
 97.00000000 0.10529087 0.00000000 0.09803922 0.38198758
 19.00000000 0.00000000 0.00000000 0.00000000 0.00000000
 83.00000000 0.05264543 0.00000000 0.05882353 0.27950311
 155.00000000 0.07896815 0.00000000 0.06862745 0.52795031
 58.00000000 0.31587260 0.08823529 0.36274510 0.00000000
 103.00000000 0.39484075 0.08823529 0.46078431 0.34161491
 110.00000000 0.10529087 0.00000000 0.07843137 0.00000000
 197.00000000 0.63148197 0.08823529 0.60784314 0.65527950
 0.00000000 0.00000000 0.00000000 0.00000000 0.00000000
 194.00000000 0.65806791 0.08823529 0.54901961 0.65217391
 126.00000000 0.07896815 0.00000000 0.07843137 0.40062112
 115.00000000 0.10529087 0.00000000 0.08823529 0.38509317
 64.00000000 0.02632272 0.08823529 0.00000000 0.00000000
 95.00000000 0.44748618 0.08823529 0.42156863 0.00000000
 133.00000000 0.55277705 0.08823529 0.52941176 0.45652174
 132.00000000 0.55277705 0.08823529 0.52941176 0.42236025
 20.00000000 0.00000000 0.00000000 0.00000000 0.00000000
 0.00000000 0.00000000 0.00000000 0.00000000 0.00000000
 59.00000000 0.00000000 0.00000000 0.00000000 0.00000000
 0.00000000 0.00000000 0.00000000 0.00000000 0.00000000
 202.00000000 0.57909976 0.08823529 0.52941176 0.68944099
 145.00000000 0.07896815 0.00000000 0.05882353 0.49689441
 74.00000000 0.26322717 0.08823529 0.26470588 0.00000000
 176.00000000 0.52645433 0.08823529 0.24509804 0.00000000
 131.00000000 0.13161358 0.00000000 0.07843137 0.00000000
 0.00000000 0.00000000 0.00000000 0.00000000 0.00000000
 0.00000000 0.00000000 0.00000000 0.00000000 0.00000000
 3.00000000 0.00000000 0.00000000 0.00000000 0.00000000
 0.00000000 0.00000000 0.00000000 0.00000000 0.00000000
 18.00000000 0.00000000 0.00000000 0.00000000 0.00000000
 19.00000000 0.00000000 0.00000000 0.00000000 0.00000000
 94.00000000 0.57909976 0.08823529 0.44117647 0.30434783
 19.00000000 0.00000000 0.00000000 0.00000000 0.00000000
 143.00000000 0.60515925 0.08823529 0.55882353 0.48447205
 70.00000000 0.00000000 0.00000000 0.00000000 0.00000000
 136.00000000 0.44748618 0.08823529 0.28431373 0.42546584
 211.00000000 0.73677283 0.08823529 0.42156863 0.77018634
 16.00000000 0.00000000 0.00000000 0.00000000 0.00000000
 0.00000000 0.00000000 0.00000000 0.00000000 0.00000000
 100.00000000 0.49986839 0.08823529 0.39215686 0.34161491
 10.00000000 0.00000000 0.00000000 0.00000000 0.00000000
 76.00000000 0.13161358 0.14705882 0.29411765 0.28571429
 176.00000000 0.44748618 0.08823529 0.30392157 0.00000000
 109.00000000 0.07896815 0.00000000 0.08823529 0.36956522
 188.00000000 0.76309555 0.08823529 0.43137255 0.71739130
 91.00000000 0.15793630 0.11764706 0.27450980 0.32298137
 71.00000000 0.21058173 0.08823529 0.18627451 0.00000000
 137.00000000 0.60515925 0.08823529 0.52941176 0.43788820
 3.00000000 0.00000000 0.00000000 0.00000000 0.00000000
 141.00000000 0.49986839 0.08823529 0.29411765 0.45962733
 107.00000000 0.10529087 0.00000000 0.07843137 0.34782609
 113.00000000 0.10529087 0.00000000 0.10784314 0.35403727
 121.00000000 0.65806791 0.08823529 0.34313725 0.00000000
 98.00000000 0.10529087 0.00000000 0.07843137 0.35403727
 93.00000000 0.07896815 0.00000000 0.07843137 0.31366460
 98.00000000 0.52645433 0.08823529 0.43137255 0.36645963
 58.00000000 0.00000000 0.00000000 0.00000000 0.00000000
 197.00000000 0.55277705 0.08823529 0.42156863 0.64285714
 29.00000000 0.00000000 0.00000000 0.00000000 0.00000000
 3.00000000 0.00000000 0.00000000 0.00000000 0.00000000
 55.00000000 0.21058173 0.08823529 0.16666667 0.00000000
 26.00000000 0.00000000 0.00000000 0.00000000 0.00000000
 77.00000000 0.55277705 0.08823529 0.48039216 0.30434783
 124.00000000 0.10529087 0.00000000 0.09803922 0.40683230
 124.00000000 0.39484075 0.08823529 0.25490196 0.39130435
 110.00000000 0.10529087 0.00000000 0.06862745 0.00000000
 55.00000000 0.00000000 0.00000000 0.00000000 0.00000000
 16.00000000 0.00000000 0.00000000 0.00000000 0.00000000
 111.00000000 0.07896815 0.00000000 0.08823529 0.00000000
 130.00000000 0.39484075 0.08823529 0.24509804 0.42236025
 24.00000000 0.00000000 0.00000000 0.00000000 0.00000000
 148.00000000 0.63148197 0.08823529 0.56862745 0.50931677
 137.00000000 0.10529087 0.00000000 0.09803922 0.00000000
 63.00000000 0.00000000 0.00000000 0.00000000 0.00000000
 17.00000000 0.00000000 0.00000000 0.00000000 0.00000000
 110.00000000 0.57909976 0.08823529 0.49019608 0.37577640
 54.00000000 0.00000000 0.00000000 0.00000000 0.00000000
