 55.00000000 0.36083333 0.00000000 0.22093023 0.16346154
 108.00000000 0.49972222 0.09677419 0.36046512 0.37820513
 124.00000000 0.41666667 0.09677419 0.41860465 0.41025641
 143.00000000 0.52777778 0.06451613 0.38372093 0.51923077
 164.00000000 0.47222222 0.06451613 0.40697674 0.53205128
 158.00000000 0.38888889 0.03225806 0.44186047 0.50000000
 141.00000000 0.41666667 0.03225806 0.43023256 0.43589744
 140.00000000 0.49972222 0.06451613 0.50000000 0.48397436
 186.00000000 0.58333333 0.12903226 0.56976744 0.61217949
 207.00000000 0.66666667 0.25806452 0.56976744 0.75000000
 201.00000000 0.61083333 0.29032258 0.53488372 0.74358974
 180.00000000 0.58333333 0.25806452 0.50000000 0.57051282
 152.00000000 0.66666667 0.29032258 0.48837209 0.49038462
 169.00000000 0.61083333 0.25806452 0.46511628 0.53846154
 146.00000000 0.55555556 0.22580645 0.36046512 0.47115385
 162.00000000 0.55555556 0.19354839 0.30232558 0.50961538
 138.00000000 0.49972222 0.16129032 0.23255814 0.45192308
 158.00000000 0.49972222 0.16129032 0.22093023 0.51282051
 158.00000000 0.49972222 0.16129032 0.26744186 0.54807692
 136.00000000 0.49972222 0.12903226 0.27906977 0.44551282
 90.00000000 0.83333333 0.32258065 0.54651163 0.28205128
 110.00000000 0.80555556 0.35483871 0.56976744 0.35256410
 126.00000000 0.80555556 0.25806452 0.59302326 0.45833333
 149.00000000 0.83333333 0.22580645 0.60465116 0.53846154
 157.00000000 0.83333333 0.19354839 0.61627907 0.52243590
 162.00000000 0.88861111 0.16129032 0.72093023 0.50320513
 184.00000000 0.94444444 0.16129032 0.76744186 0.61217949
 186.00000000 0.91638889 0.19354839 0.75581395 0.64102564
 161.00000000 0.83333333 0.16129032 0.69767442 0.58333333
 153.00000000 0.80555556 0.16129032 0.68604651 0.48076923
 141.00000000 0.69444444 0.16129032 0.62790698 0.44551282
 122.00000000 0.61083333 0.41935484 0.53488372 0.39102564
 106.00000000 0.61083333 0.48387097 0.46511628 0.32051282
 113.00000000 0.72222222 0.48387097 0.45348837 0.41346154
 118.00000000 0.83333333 0.70967742 0.47674419 0.41666667
 88.00000000 0.80555556 0.29032258 0.46511628 0.32692308
 113.00000000 0.66666667 0.35483871 0.44186047 0.36538462
 112.00000000 0.63861111 0.29032258 0.47674419 0.39102564
 125.00000000 0.63861111 0.32258065 0.54651163 0.41025641
 130.00000000 0.63861111 0.29032258 0.56976744 0.41987179
 146.00000000 0.69444444 0.32258065 0.62790698 0.46794872
 121.00000000 0.69444444 0.29032258 0.60465116 0.39743590
 116.00000000 0.66666667 0.22580645 0.56976744 0.40384615
 117.00000000 0.58333333 0.22580645 0.60465116 0.36217949
 114.00000000 0.58333333 0.22580645 0.60465116 0.38461538
 110.00000000 0.58333333 0.22580645 0.58139535 0.35256410
 109.00000000 0.58333333 0.22580645 0.58139535 0.34615385
 122.00000000 0.94444444 0.35483871 0.53488372 0.42307692
 194.00000000 0.91638889 0.41935484 0.52325581 0.62500000
 228.00000000 0.83333333 0.38709677 0.47674419 0.73076923
 233.00000000 0.74972222 0.32258065 0.45348837 0.83012821
 225.00000000 0.63861111 0.22580645 0.40697674 0.71474359
 226.00000000 0.58333333 0.19354839 0.40697674 0.76602564
 201.00000000 0.52777778 0.16129032 0.40697674 0.66025641
 198.00000000 0.47222222 0.16129032 0.40697674 0.67628205
 194.00000000 0.44444444 0.16129032 0.43023256 0.71794872
 208.00000000 0.69444444 0.19354839 0.53488372 0.80448718
 236.00000000 0.94444444 0.22580645 0.55813953 0.97115385
 200.00000000 0.86111111 0.19354839 0.48837209 0.76282051
 193.00000000 0.86111111 0.22580645 0.47674419 0.76602564
 188.00000000 0.80555556 0.19354839 0.48837209 0.65064103
 170.00000000 0.72222222 0.16129032 0.46511628 0.55128205
 158.00000000 0.66666667 0.16129032 0.45348837 0.56730769
 162.00000000 0.69444444 0.19354839 0.45348837 0.61858974
 104.00000000 0.61083333 0.12903226 0.38372093 0.35256410
 3.00000000 0.11111111 0.06451613 0.17441860 0.00000000
 152.00000000 0.94444444 0.00000000 1.00000000 0.75320513
 168.00000000 0.88861111 0.00000000 0.89534884 0.66346154
 143.00000000 0.80555556 0.00000000 0.86046512 0.57371795
 134.00000000 0.77750000 0.00000000 0.86046512 0.44871795
 131.00000000 0.77750000 0.00000000 0.82558140 0.43910256
 127.00000000 0.77750000 0.00000000 0.80232558 0.39743590
 126.00000000 0.77750000 0.00000000 0.81395349 0.39102564
 140.00000000 0.74972222 0.00000000 0.82558140 0.47756410
 142.00000000 0.69444444 0.35483871 0.76744186 0.44230769
 122.00000000 0.61083333 0.41935484 0.61627907 0.37500000
 114.00000000 0.66666667 0.45161290 0.60465116 0.37820513
 117.00000000 0.72222222 0.58064516 0.60465116 0.42307692
 114.00000000 0.83333333 0.61290323 0.63953488 0.41666667
 99.00000000 0.94444444 0.35483871 0.62790698 0.34294872
 95.00000000 0.88861111 0.25806452 0.60465116 0.32051282
 107.00000000 0.74972222 0.35483871 0.60465116 0.38141026
 116.00000000 0.74972222 0.45161290 0.63953488 0.36858974
 116.00000000 0.72222222 0.51612903 0.65116279 0.41346154
 122.00000000 0.77750000 0.45161290 0.67441860 0.44551282
 157.00000000 0.74972222 0.41935484 0.70930233 0.50000000
 136.00000000 0.77750000 0.41935484 0.76744186 0.42307692
 154.00000000 0.80555556 0.32258065 0.84883721 0.56089744
 140.00000000 0.77750000 0.25806452 0.87209302 0.47435897
 135.00000000 0.72222222 0.25806452 0.87209302 0.46474359
 133.00000000 0.72222222 0.22580645 0.87209302 0.51923077
 134.00000000 0.69444444 0.12903226 0.83720930 0.47435897
 117.00000000 0.66666667 0.06451613 0.81395349 0.41025641
 136.00000000 0.66666667 0.06451613 0.79069767 0.46474359
 117.00000000 0.66666667 0.03225806 0.79069767 0.40705128
 114.00000000 0.61083333 0.00000000 0.76744186 0.37179487
 108.00000000 0.72222222 0.00000000 0.63953488 0.32692308
 112.00000000 0.83333333 0.16129032 0.75581395 0.37179487
 163.00000000 1.00000000 0.87096774 0.77906977 0.50961538
 194.00000000 0.97222222 0.74193548 0.72093023 0.62179487
 216.00000000 1.00000000 0.58064516 0.76744186 0.71794872
 226.00000000 0.97222222 0.32258065 0.80232558 0.82051282
 234.00000000 0.80555556 0.16129032 0.69767442 0.82051282
 219.00000000 0.66666667 0.09677419 0.65116279 0.68910256
 203.00000000 0.69444444 0.03225806 0.67441860 0.68589744
 191.00000000 0.61083333 0.00000000 0.66279070 0.68910256
 185.00000000 0.58333333 0.00000000 0.67441860 0.70512821
 193.00000000 0.58333333 0.00000000 0.70930233 0.86217949
 195.00000000 0.69444444 0.00000000 0.73255814 0.85897436
 188.00000000 0.77750000 0.00000000 0.74418605 0.83012821
 200.00000000 0.86111111 0.06451613 0.73255814 0.83012821
 186.00000000 0.86111111 0.00000000 0.70930233 0.73076923
 177.00000000 0.83333333 0.00000000 0.72093023 0.68269231
 184.00000000 0.83333333 0.03225806 0.70930233 0.67307692
 182.00000000 0.80555556 0.06451613 0.69767442 0.70192308
 113.00000000 0.52777778 0.35483871 0.58139535 0.34935897
 100.00000000 0.49972222 0.51612903 0.59302326 0.33333333
 3.00000000 0.11111111 0.16129032 0.27906977 0.00000000
 3.00000000 0.13888889 0.00000000 0.41860465 0.00000000
 3.00000000 0.13888889 0.00000000 0.38372093 0.00000000
 3.00000000 0.13888889 0.00000000 0.41860465 0.00320513
 3.00000000 0.13888889 0.00000000 0.39534884 0.00000000
 3.00000000 0.13888889 0.00000000 0.38372093 0.00000000
 3.00000000 0.13888889 0.00000000 0.34883721 0.00000000
 3.00000000 0.16666667 0.00000000 0.43023256 0.01923077
 3.00000000 0.16666667 0.00000000 0.46511628 0.01923077
 9.00000000 0.22222222 0.00000000 0.68604651 0.04807692
 29.00000000 0.25000000 0.03225806 0.77906977 0.09294872
 19.00000000 0.27777778 0.03225806 0.79069767 0.07051282
 18.00000000 0.25000000 0.00000000 0.77906977 0.06089744
 14.00000000 0.27777778 0.00000000 0.73255814 0.05128205
 14.00000000 0.33333333 0.00000000 0.59302326 0.04487179
 16.00000000 0.33333333 0.00000000 0.61627907 0.05128205
 18.00000000 0.33333333 0.03225806 0.61627907 0.05769231
 21.00000000 0.36083333 0.03225806 0.56976744 0.06410256
 28.00000000 0.33333333 0.00000000 0.60465116 0.07692308
 21.00000000 0.19444444 0.16129032 0.53488372 0.04807692
 19.00000000 0.16666667 0.16129032 0.38372093 0.06730769
 3.00000000 0.08333333 0.00000000 0.12790698 0.01282051
 14.00000000 0.08333333 0.00000000 0.24418605 0.04487179
 16.00000000 0.11111111 0.00000000 0.27906977 0.14102564
 31.00000000 0.11111111 0.00000000 0.29069767 0.17628205
 33.00000000 0.13888889 0.03225806 0.34883721 0.16666667
 39.00000000 0.16666667 0.00000000 0.47674419 0.17628205
 30.00000000 0.16666667 0.00000000 0.56976744 0.15384615
 30.00000000 0.16666667 0.03225806 0.55813953 0.13461538
 34.00000000 0.16666667 0.03225806 0.52325581 0.14743590
 32.00000000 0.16666667 0.03225806 0.55813953 0.15384615
 36.00000000 0.16666667 0.03225806 0.60465116 0.16666667
 36.00000000 0.19444444 0.09677419 0.75581395 0.17948718
 37.00000000 0.19444444 0.12903226 0.79069767 0.20833333
 50.00000000 0.22222222 0.22580645 0.81395349 0.24679487
 61.00000000 0.22222222 0.25806452 0.69767442 0.25641026
 70.00000000 0.25000000 0.29032258 0.67441860 0.28525641
 76.00000000 0.27777778 0.22580645 0.79069767 0.33974359
 79.00000000 0.22222222 0.25806452 0.59302326 0.26282051
 76.00000000 0.19444444 0.32258065 0.45348837 0.26282051
 90.00000000 0.22222222 0.29032258 0.51162791 0.30128205
 96.00000000 0.49972222 0.00000000 0.43023256 0.30128205
 147.00000000 0.41666667 0.03225806 0.41860465 0.45512821
 184.00000000 0.55555556 0.06451613 0.51162791 0.57051282
 172.00000000 0.69444444 0.16129032 0.63953488 0.62179487
 189.00000000 0.58333333 0.16129032 0.53488372 0.59615385
 158.00000000 0.55555556 0.12903226 0.50000000 0.54807692
 140.00000000 0.55555556 0.16129032 0.40697674 0.45512821
 141.00000000 0.55555556 0.12903226 0.37209302 0.48397436
 129.00000000 0.77750000 0.32258065 0.67441860 0.45833333
 127.00000000 0.86111111 0.16129032 0.73255814 0.41666667
 184.00000000 0.88861111 0.09677419 0.80232558 0.59615385
 204.00000000 0.83333333 0.09677419 0.89534884 0.67307692
 174.00000000 0.77750000 0.09677419 0.84883721 0.55769231
 162.00000000 0.72222222 0.06451613 0.82558140 0.53525641
 132.00000000 0.69444444 0.09677419 0.79069767 0.41666667
 127.00000000 0.69444444 0.09677419 0.77906977 0.40064103
 84.00000000 0.72222222 0.67741935 0.61627907 0.31730769
 92.00000000 0.80555556 0.38709677 0.58139535 0.30128205
 90.00000000 0.72222222 0.29032258 0.53488372 0.28846154
 98.00000000 0.63861111 0.29032258 0.50000000 0.33333333
 96.00000000 0.61083333 0.25806452 0.50000000 0.30769231
 126.00000000 0.66666667 0.25806452 0.63953488 0.41025641
 104.00000000 0.61083333 0.22580645 0.79069767 0.33974359
 102.00000000 0.58333333 0.19354839 0.80232558 0.35256410
 106.00000000 0.55555556 0.19354839 0.74418605 0.35256410
 110.00000000 0.58333333 0.16129032 0.70930233 0.36538462
 124.00000000 0.83333333 0.93548387 0.69767442 0.42948718
 154.00000000 0.86111111 1.00000000 0.73255814 0.53525641
 199.00000000 0.86111111 0.90322581 0.76744186 0.63461538
 212.00000000 0.80555556 0.67741935 0.70930233 0.72435897
 218.00000000 0.69444444 0.51612903 0.61627907 0.68269231
 187.00000000 0.61083333 0.45161290 0.55813953 0.59615385
 171.00000000 0.52777778 0.35483871 0.54651163 0.58333333
 181.00000000 0.44444444 0.29032258 0.54651163 0.56730769
 186.00000000 0.44444444 0.32258065 0.56976744 0.60576923
 185.00000000 0.44444444 0.32258065 0.66279070 0.69871795
 194.00000000 0.52777778 0.29032258 0.70930233 0.70833333
 174.00000000 0.58333333 0.19354839 0.63953488 0.63141026
 154.00000000 0.66666667 0.09677419 0.61627907 0.53525641
 128.00000000 0.66666667 0.06451613 0.61627907 0.42628205
 134.00000000 0.66666667 0.06451613 0.60465116 0.41987179
 104.00000000 0.66666667 0.03225806 0.54651163 0.38141026
 115.00000000 0.66666667 0.03225806 0.50000000 0.35897436
 123.00000000 0.63861111 0.03225806 0.56976744 0.40384615
 113.00000000 0.66666667 0.00000000 0.50000000 0.35897436
 88.00000000 0.58333333 0.00000000 0.50000000 0.28525641
 3.00000000 0.08333333 0.00000000 0.33720930 0.00000000
 3.00000000 0.08333333 0.00000000 0.26744186 0.00000000
 3.00000000 0.08333333 0.00000000 0.34883721 0.00000000
 3.00000000 0.11111111 0.00000000 0.55813953 0.00320513
 21.00000000 0.19444444 0.00000000 0.77906977 0.05769231
 7.00000000 0.16666667 0.00000000 0.67441860 0.03205128
 8.00000000 0.19444444 0.00000000 0.62790698 0.00961538
 12.00000000 0.30555556 0.00000000 0.52325581 0.02884615
 13.00000000 0.30555556 0.00000000 0.47674419 0.04166667
 14.00000000 0.38888889 0.00000000 0.46511628 0.07051282
 38.00000000 0.38888889 0.00000000 0.58139535 0.15064103
 3.00000000 0.05555556 0.03225806 0.26744186 0.00000000
 27.00000000 0.11111111 0.00000000 0.46511628 0.14423077
 32.00000000 0.13888889 0.00000000 0.56976744 0.10576923
 35.00000000 0.13888889 0.00000000 0.66279070 0.11858974
 33.00000000 0.13888889 0.00000000 0.68604651 0.11217949
 20.00000000 0.13888889 0.00000000 0.69767442 0.08974359
 35.00000000 0.13888889 0.00000000 0.62790698 0.10256410
 41.00000000 0.13888889 0.03225806 0.74418605 0.12820513
 45.00000000 0.16666667 0.00000000 0.77906977 0.17948718
 50.00000000 0.19444444 0.03225806 0.80232558 0.22435897
 64.00000000 0.19444444 0.09677419 0.72093023 0.18910256
 65.00000000 0.19444444 0.16129032 0.70930233 0.22435897
 78.00000000 0.22222222 0.19354839 0.80232558 0.33653846
 81.00000000 0.22222222 0.22580645 0.80232558 0.24038462
 80.00000000 0.16666667 0.32258065 0.50000000 0.33333333
 85.00000000 0.16666667 0.35483871 0.43023256 0.28205128
 79.00000000 0.19444444 0.29032258 0.66279070 0.32371795
 96.00000000 0.19444444 0.29032258 0.58139535 0.34615385
 85.00000000 0.13888889 0.00000000 0.17441860 0.33012821
 32.00000000 0.13888889 0.00000000 0.40697674 0.13141026
 52.00000000 0.19444444 0.00000000 0.53488372 0.16987179
 52.00000000 0.22222222 0.00000000 0.52325581 0.19230769
 14.00000000 0.11111111 0.00000000 0.16279070 0.12179487
 109.00000000 0.44444444 0.03225806 0.60465116 0.36217949
 223.00000000 0.66666667 0.00000000 0.93023256 0.75000000
 205.00000000 0.61083333 0.06451613 0.73255814 0.68269231
 196.00000000 0.58333333 0.00000000 0.62790698 0.63461538
 201.00000000 0.58333333 0.00000000 0.68604651 0.66025641
 110.00000000 0.74972222 0.00000000 0.80232558 0.36217949
 96.00000000 0.80555556 0.00000000 0.80232558 0.30448718
 147.00000000 0.83333333 0.00000000 1.00000000 0.45833333
 145.00000000 0.66666667 0.09677419 0.68604651 0.46794872
 34.00000000 0.16666667 0.00000000 0.56976744 0.38461538
 60.00000000 0.13888889 0.00000000 0.31395349 0.25641026
 42.00000000 0.13888889 0.00000000 0.38372093 0.19230769
 19.00000000 0.16666667 0.00000000 0.40697674 0.08653846
 15.00000000 0.11111111 0.00000000 0.52325581 0.05769231
 34.00000000 0.22222222 0.00000000 0.75581395 0.28525641
 76.00000000 0.30555556 0.00000000 0.53488372 0.23076923
 63.00000000 0.27777778 0.00000000 0.23255814 0.19871795
 100.00000000 0.44444444 0.03225806 0.39534884 0.33653846
 118.00000000 0.44444444 0.03225806 0.36046512 0.38782051
 117.00000000 0.44444444 0.00000000 0.46511628 0.36217949
 116.00000000 0.36083333 0.00000000 0.40697674 0.37820513
 140.00000000 0.38888889 0.00000000 0.43023256 0.43910256
 130.00000000 0.47222222 0.03225806 0.38372093 0.45833333
 174.00000000 0.47222222 0.03225806 0.37209302 0.56730769
 172.00000000 0.36083333 0.00000000 0.46511628 0.57051282
 154.00000000 0.36083333 0.00000000 0.44186047 0.53525641
 157.00000000 0.38888889 0.00000000 0.43023256 0.53205128
 163.00000000 0.47222222 0.03225806 0.55813953 0.58653846
 196.00000000 0.58333333 0.19354839 0.59302326 0.75000000
 211.00000000 0.63861111 0.25806452 0.62790698 0.85256410
 192.00000000 0.52777778 0.22580645 0.52325581 0.73717949
 174.00000000 0.55555556 0.29032258 0.50000000 0.60897436
 172.00000000 0.58333333 0.29032258 0.52325581 0.57692308
 163.00000000 0.52777778 0.25806452 0.45348837 0.56730769
 156.00000000 0.52777778 0.22580645 0.36046512 0.55128205
 157.00000000 0.41666667 0.16129032 0.25581395 0.55769231
 134.00000000 0.47222222 0.12903226 0.26744186 0.45192308
 108.00000000 0.52777778 0.09677419 0.32558140 0.33653846
 86.00000000 0.58333333 0.12903226 0.44186047 0.26923077
 75.00000000 0.66666667 0.22580645 0.48837209 0.25641026
 72.00000000 0.77750000 0.29032258 0.51162791 0.27884615
 116.00000000 0.74972222 0.29032258 0.58139535 0.38461538
 134.00000000 0.72222222 0.25806452 0.62790698 0.46153846
 161.00000000 0.74972222 0.25806452 0.68604651 0.54487179
 170.00000000 0.77750000 0.22580645 0.72093023 0.60576923
 167.00000000 0.77750000 0.19354839 0.68604651 0.54166667
 145.00000000 0.86111111 0.16129032 0.73255814 0.50961538
 176.00000000 0.91638889 0.09677419 0.73255814 0.66666667
 198.00000000 0.91638889 0.12903226 0.84883721 0.80128205
 181.00000000 0.86111111 0.09677419 0.77906977 0.75961538
 156.00000000 0.72222222 0.09677419 0.73255814 0.64102564
 145.00000000 0.72222222 0.09677419 0.70930233 0.58653846
 141.00000000 0.72222222 0.09677419 0.68604651 0.51923077
 148.00000000 0.69444444 0.09677419 0.67441860 0.46794872
 133.00000000 0.66666667 0.12903226 0.67441860 0.44871795
 135.00000000 0.66666667 0.12903226 0.67441860 0.48076923
 155.00000000 0.61083333 0.29032258 0.66279070 0.48717949
 138.00000000 0.58333333 0.58064516 0.60465116 0.46474359
 135.00000000 0.55555556 0.58064516 0.56976744 0.44551282
 117.00000000 0.52777778 0.58064516 0.50000000 0.40064103
 117.00000000 0.55555556 0.58064516 0.47674419 0.43589744
 131.00000000 0.63861111 0.64516129 0.46511628 0.52243590
 111.00000000 0.74972222 0.67741935 0.50000000 0.43269231
 110.00000000 0.77750000 0.29032258 0.45348837 0.38782051
 93.00000000 0.72222222 0.22580645 0.44186047 0.36217949
 128.00000000 0.72222222 0.22580645 0.43023256 0.39102564
 109.00000000 0.61083333 0.29032258 0.46511628 0.37179487
 126.00000000 0.58333333 0.32258065 0.48837209 0.38782051
 135.00000000 0.55555556 0.41935484 0.53488372 0.41666667
 147.00000000 0.58333333 0.38709677 0.56976744 0.49038462
 155.00000000 0.58333333 0.41935484 0.65116279 0.53205128
 150.00000000 0.58333333 0.38709677 0.67441860 0.54487179
 151.00000000 0.61083333 0.35483871 0.73255814 0.52564103
 138.00000000 0.61083333 0.25806452 0.66279070 0.48076923
 132.00000000 0.58333333 0.19354839 0.62790698 0.43269231
 137.00000000 0.52777778 0.25806452 0.70930233 0.50641026
 129.00000000 0.47222222 0.22580645 0.70930233 0.45512821
 124.00000000 0.44444444 0.12903226 0.62790698 0.40384615
 119.00000000 0.44444444 0.16129032 0.62790698 0.39743590
 102.00000000 0.41666667 0.06451613 0.53488372 0.33012821
 97.00000000 0.49972222 0.03225806 0.52325581 0.33333333
 103.00000000 0.74972222 0.58064516 0.61627907 0.37179487
 151.00000000 0.86111111 0.87096774 0.67441860 0.50320513
 166.00000000 0.86111111 0.93548387 0.63953488 0.57371795
 206.00000000 0.74972222 0.67741935 0.53488372 0.68269231
 227.00000000 0.69444444 0.45161290 0.51162791 0.75000000
 221.00000000 0.61083333 0.32258065 0.50000000 0.76923077
 220.00000000 0.52777778 0.22580645 0.48837209 0.73717949
 223.00000000 0.47222222 0.19354839 0.50000000 0.75961538
 205.00000000 0.41666667 0.19354839 0.47674419 0.67948718
 201.00000000 0.38888889 0.22580645 0.50000000 0.74679487
 199.00000000 0.41666667 0.29032258 0.56976744 0.80128205
 202.00000000 0.49972222 0.19354839 0.60465116 0.84294872
 215.00000000 0.63861111 0.16129032 0.60465116 0.94871795
 191.00000000 0.74972222 0.06451613 0.46511628 0.64743590
 173.00000000 0.74972222 0.06451613 0.51162791 0.80448718
 180.00000000 0.80555556 0.06451613 0.48837209 0.76282051
 161.00000000 0.72222222 0.03225806 0.43023256 0.59615385
 144.00000000 0.72222222 0.03225806 0.34883721 0.47435897
 135.00000000 0.66666667 0.03225806 0.40697674 0.54166667
 156.00000000 0.69444444 0.06451613 0.48837209 0.68269231
 140.00000000 0.66666667 0.03225806 0.39534884 0.46474359
 139.00000000 0.58333333 0.06451613 0.46511628 0.47435897
 113.00000000 0.49972222 0.09677419 0.46511628 0.38461538
 6.00000000 0.05555556 0.06451613 0.33720930 0.03205128
 3.00000000 0.08333333 0.00000000 0.48837209 0.00000000
 3.00000000 0.11111111 0.00000000 0.39534884 0.00641026
 14.00000000 0.11111111 0.00000000 0.53488372 0.03525641
 3.00000000 0.11111111 0.00000000 0.63953488 0.02564103
 10.00000000 0.08333333 0.00000000 0.50000000 0.01602564
 11.00000000 0.08333333 0.00000000 0.51162791 0.01602564
 3.00000000 0.13888889 0.00000000 0.62790698 0.00320513
 3.00000000 0.13888889 0.00000000 0.63953488 0.01602564
 17.00000000 0.16666667 0.00000000 0.66279070 0.06089744
 6.00000000 0.19444444 0.00000000 0.65116279 0.04807692
 23.00000000 0.16666667 0.00000000 0.54651163 0.07051282
 10.00000000 0.16666667 0.00000000 0.41860465 0.03846154
 21.00000000 0.19444444 0.00000000 0.41860465 0.05128205
 8.00000000 0.22222222 0.00000000 0.34883721 0.05128205
 13.00000000 0.25000000 0.00000000 0.31395349 0.05128205
 14.00000000 0.25000000 0.00000000 0.24418605 0.05128205
 14.00000000 0.22222222 0.00000000 0.22093023 0.04807692
 36.00000000 0.33333333 0.00000000 0.38372093 0.10256410
 19.00000000 0.19444444 0.03225806 0.94186047 0.08653846
 12.00000000 0.00000000 0.00000000 0.19767442 0.04807692
 16.00000000 0.00000000 0.00000000 0.22093023 0.06730769
 22.00000000 0.00000000 0.00000000 0.24418605 0.21794872
 19.00000000 0.02777778 0.00000000 0.27906977 0.18269231
 23.00000000 0.02777778 0.00000000 0.31395349 0.16346154
 28.00000000 0.05555556 0.00000000 0.39534884 0.16666667
 34.00000000 0.11111111 0.00000000 0.60465116 0.17628205
 45.00000000 0.11111111 0.00000000 0.81395349 0.23717949
 41.00000000 0.08333333 0.00000000 0.74418605 0.26602564
 54.00000000 0.13888889 0.00000000 0.53488372 0.25320513
 60.00000000 0.13888889 0.00000000 0.44186047 0.23076923
 62.00000000 0.13888889 0.00000000 0.37209302 0.23076923
 76.00000000 0.19444444 0.16129032 0.65116279 0.36217949
 84.00000000 0.19444444 0.12903226 0.86046512 0.39102564
 82.00000000 0.13888889 0.19354839 0.61627907 0.29487179
 94.00000000 0.13888889 0.22580645 0.69767442 0.32692308
 83.00000000 0.16666667 0.22580645 0.74418605 0.33012821
 76.00000000 0.08333333 0.00000000 0.18604651 0.31089744
 23.00000000 0.05555556 0.00000000 0.32558140 0.09294872
 19.00000000 0.11111111 0.00000000 0.56976744 0.11538462
 65.00000000 0.19444444 0.03225806 0.65116279 0.20833333
 29.00000000 0.08333333 0.00000000 0.23255814 0.10256410
 74.00000000 0.27777778 0.06451613 0.48837209 0.26602564
 101.00000000 0.41666667 0.06451613 0.29069767 0.31410256
 109.00000000 0.41666667 0.03225806 0.41860465 0.35576923
 111.00000000 0.44444444 0.06451613 0.53488372 0.34615385
 136.00000000 0.47222222 0.03225806 0.53488372 0.42307692
 154.00000000 0.49972222 0.03225806 0.53488372 0.53525641
 171.00000000 0.41666667 0.06451613 0.48837209 0.54807692
 162.00000000 0.33333333 0.03225806 0.55813953 0.54166667
 144.00000000 0.36083333 0.03225806 0.53488372 0.48076923
 138.00000000 0.41666667 0.03225806 0.55813953 0.44230769
 188.00000000 0.55555556 0.09677419 0.65116279 0.62820513
 215.00000000 0.61083333 0.16129032 0.72093023 0.78525641
 201.00000000 0.52777778 0.16129032 0.67441860 0.74038462
 189.00000000 0.47222222 0.16129032 0.62790698 0.62500000
 154.00000000 0.52777778 0.25806452 0.55813953 0.50320513
 182.00000000 0.52777778 0.22580645 0.50000000 0.59294872
 178.00000000 0.49972222 0.22580645 0.50000000 0.61217949
 169.00000000 0.44444444 0.16129032 0.38372093 0.62500000
 169.00000000 0.38888889 0.16129032 0.34883721 0.55128205
 171.00000000 0.41666667 0.12903226 0.27906977 0.53846154
 165.00000000 0.38888889 0.12903226 0.27906977 0.52884615
 135.00000000 0.38888889 0.09677419 0.29069767 0.43910256
 121.00000000 0.41666667 0.09677419 0.31395349 0.38461538
 81.00000000 0.72222222 0.32258065 0.62790698 0.29166667
 105.00000000 0.74972222 0.29032258 0.63953488 0.37500000
 122.00000000 0.74972222 0.22580645 0.66279070 0.44551282
 125.00000000 0.77750000 0.16129032 0.66279070 0.41346154
 120.00000000 0.74972222 0.16129032 0.69767442 0.44551282
 131.00000000 0.74972222 0.16129032 0.75581395 0.45192308
 158.00000000 0.77750000 0.09677419 0.80232558 0.50641026
 178.00000000 0.80555556 0.09677419 0.84883721 0.61217949
 153.00000000 0.72222222 0.06451613 0.70930233 0.57051282
 152.00000000 0.69444444 0.06451613 0.72093023 0.51602564
 145.00000000 0.58333333 0.16129032 0.63953488 0.49038462
 145.00000000 0.58333333 0.12903226 0.70930233 0.47435897
 140.00000000 0.55555556 0.22580645 0.69767442 0.48397436
 126.00000000 0.49972222 0.35483871 0.62790698 0.42307692
 120.00000000 0.47222222 0.41935484 0.55813953 0.38461538
 108.00000000 0.47222222 0.45161290 0.53488372 0.34615385
 107.00000000 0.52777778 0.48387097 0.52325581 0.37820513
 114.00000000 0.58333333 0.41935484 0.52325581 0.39102564
 90.00000000 0.69444444 0.29032258 0.50000000 0.28205128
 99.00000000 0.69444444 0.29032258 0.54651163 0.33333333
 117.00000000 0.55555556 0.45161290 0.53488372 0.39423077
 121.00000000 0.58333333 0.51612903 0.59302326 0.37820513
 127.00000000 0.58333333 0.51612903 0.63953488 0.45512821
 159.00000000 0.58333333 0.54838710 0.67441860 0.49358974
 156.00000000 0.58333333 0.48387097 0.72093023 0.50320513
 144.00000000 0.58333333 0.41935484 0.75581395 0.49038462
 138.00000000 0.55555556 0.38709677 0.75581395 0.44551282
 138.00000000 0.52777778 0.41935484 0.75581395 0.46474359
 135.00000000 0.49972222 0.35483871 0.74418605 0.48076923
 137.00000000 0.52777778 0.25806452 0.69767442 0.47115385
 139.00000000 0.52777778 0.22580645 0.67441860 0.42948718
 118.00000000 0.49972222 0.22580645 0.65116279 0.41987179
 118.00000000 0.52777778 0.16129032 0.59302326 0.42628205
 118.00000000 0.49972222 0.12903226 0.53488372 0.38782051
 115.00000000 0.63861111 0.32258065 0.63953488 0.36858974
 127.00000000 0.74972222 0.48387097 0.63953488 0.44230769
 179.00000000 0.77750000 0.67741935 0.67441860 0.59935897
 199.00000000 0.74972222 0.70967742 0.66279070 0.70833333
 226.00000000 0.66666667 0.54838710 0.61627907 0.81410256
 245.00000000 0.74972222 0.41935484 0.70930233 0.94230769
 162.00000000 0.80555556 0.16129032 0.73255814 1.00000000
 203.00000000 0.80555556 0.12903226 0.68604651 0.78525641
 198.00000000 0.83333333 0.09677419 0.66279070 0.78525641
 186.00000000 0.80555556 0.09677419 0.62790698 0.66987179
 186.00000000 0.72222222 0.09677419 0.61627907 0.79807692
 180.00000000 0.66666667 0.12903226 0.61627907 0.78525641
 178.00000000 0.66666667 0.12903226 0.58139535 0.75641026
 167.00000000 0.66666667 0.12903226 0.66279070 0.59615385
 115.00000000 0.49972222 0.06451613 0.50000000 0.37179487
 3.00000000 0.00000000 0.03225806 0.33720930 0.01282051
 11.00000000 0.00000000 0.00000000 0.32558140 0.01923077
 6.00000000 0.00000000 0.00000000 0.32558140 0.01282051
 3.00000000 0.00000000 0.00000000 0.36046512 0.01282051
 3.00000000 0.00000000 0.00000000 0.40697674 0.00961538
 3.00000000 0.00000000 0.00000000 0.37209302 0.00000000
 3.00000000 0.02777778 0.00000000 0.52325581 0.00641026
 12.00000000 0.05555556 0.00000000 0.65116279 0.03205128
 11.00000000 0.08333333 0.00000000 0.72093023 0.03846154
 12.00000000 0.08333333 0.00000000 0.76744186 0.04487179
 24.00000000 0.11111111 0.00000000 0.79069767 0.07371795
 16.00000000 0.05555556 0.00000000 0.68604651 0.03525641
 13.00000000 0.11111111 0.00000000 0.72093023 0.03846154
 14.00000000 0.13888889 0.00000000 0.70930233 0.03846154
 15.00000000 0.13888889 0.00000000 0.61627907 0.04807692
 20.00000000 0.13888889 0.00000000 0.59302326 0.04807692
 18.00000000 0.13888889 0.00000000 0.54651163 0.05128205
 15.00000000 0.05555556 0.00000000 0.43023256 0.03846154
 14.00000000 0.02777778 0.00000000 0.41860465 0.02884615
 23.00000000 0.08333333 0.00000000 0.48837209 0.05769231
 18.00000000 0.11111111 0.00000000 0.58139535 0.07371795
 28.00000000 0.00000000 0.19354839 0.38372093 0.08333333
 29.00000000 0.00000000 0.00000000 0.44186047 0.14102564
 26.00000000 0.00000000 0.00000000 0.52325581 0.16987179
 31.00000000 0.00000000 0.00000000 0.59302326 0.22756410
 32.00000000 0.00000000 0.00000000 0.54651163 0.16025641
 33.00000000 0.00000000 0.00000000 0.55813953 0.18269231
 34.00000000 0.00000000 0.00000000 0.65116279 0.17628205
 37.00000000 0.02777778 0.03225806 0.72093023 0.18910256
 40.00000000 0.02777778 0.03225806 0.74418605 0.19230769
 38.00000000 0.02777778 0.03225806 0.79069767 0.20192308
 42.00000000 0.05555556 0.00000000 0.77906977 0.24038462
 47.00000000 0.05555556 0.03225806 0.70930233 0.26602564
 64.00000000 0.08333333 0.03225806 0.70930233 0.28525641
 64.00000000 0.08333333 0.06451613 0.73255814 0.30128205
 68.00000000 0.05555556 0.19354839 0.66279070 0.29487179
 76.00000000 0.02777778 0.29032258 0.53488372 0.26923077
 64.00000000 0.02777778 0.25806452 0.46511628 0.22756410
 92.00000000 0.05555556 0.19354839 0.61627907 0.30128205
 120.00000000 0.08333333 0.16129032 0.80232558 0.40064103
 112.00000000 0.05555556 0.16129032 0.52325581 0.38461538
 98.00000000 0.02777778 0.09677419 0.24418605 0.31410256
 74.00000000 0.05555556 0.00000000 0.40697674 0.24358974
 18.00000000 0.00000000 0.00000000 0.47674419 0.10256410
 34.00000000 0.02777778 0.00000000 0.50000000 0.15064103
 57.00000000 0.08333333 0.00000000 0.66279070 0.24358974
 54.00000000 0.08333333 0.00000000 0.50000000 0.21474359
 140.00000000 0.74972222 0.16129032 0.51162791 0.44551282
 147.00000000 0.66666667 0.12903226 0.46511628 0.50961538
 153.00000000 0.66666667 0.16129032 0.48837209 0.50961538
 149.00000000 0.61083333 0.16129032 0.50000000 0.50000000
 137.00000000 0.58333333 0.12903226 0.50000000 0.46153846
 118.00000000 0.55555556 0.09677419 0.34883721 0.36538462
 110.00000000 0.52777778 0.09677419 0.38372093 0.35256410
 118.00000000 0.52777778 0.12903226 0.38372093 0.39423077
 109.00000000 0.49972222 0.16129032 0.33720930 0.35256410
 9.00000000 0.05555556 0.00000000 0.00000000 0.02564103
 3.00000000 0.05555556 0.00000000 0.10465116 0.01923077
 3.00000000 0.05555556 0.00000000 0.00000000 0.00320513
 3.00000000 0.02777778 0.00000000 0.03488372 0.00000000
 6.00000000 0.02777778 0.00000000 0.02325581 0.00961538
 11.00000000 0.05555556 0.00000000 0.01162791 0.05128205
 10.00000000 0.05555556 0.00000000 0.00000000 0.02564103
 14.00000000 0.05555556 0.00000000 0.09302326 0.03846154
 20.00000000 0.05555556 0.03225806 0.08139535 0.06410256
 26.00000000 0.08333333 0.03225806 0.16279070 0.09294872
 15.00000000 0.05555556 0.00000000 0.11627907 0.17948718
 19.00000000 0.05555556 0.00000000 0.09302326 0.06089744
 19.00000000 0.05555556 0.00000000 0.09302326 0.05128205
 25.00000000 0.05555556 0.00000000 0.10465116 0.07051282
 48.00000000 0.11111111 0.00000000 0.22093023 0.13461538
 59.00000000 0.11111111 0.03225806 0.15116279 0.23717949
 80.00000000 0.13888889 0.03225806 0.15116279 0.24358974
 35.00000000 0.13888889 0.00000000 0.23255814 0.13782051
 88.00000000 0.55555556 0.38709677 0.25581395 0.28525641
 148.00000000 0.52777778 0.45161290 0.38372093 0.52243590
 159.00000000 0.61083333 0.61290323 0.63953488 0.52564103
 160.00000000 0.63861111 0.67741935 0.67441860 0.55128205
 169.00000000 0.66666667 0.54838710 0.58139535 0.53525641
 146.00000000 0.63861111 0.54838710 0.54651163 0.47756410
 149.00000000 0.44444444 0.58064516 0.44186047 0.47435897
 138.00000000 0.41666667 0.54838710 0.33720930 0.45192308
 68.00000000 0.52777778 0.35483871 0.27906977 0.26602564
 81.00000000 0.61083333 0.51612903 0.47674419 0.25961538
 86.00000000 0.63861111 0.51612903 0.53488372 0.27564103
 97.00000000 0.63861111 0.48387097 0.58139535 0.32371795
 99.00000000 0.63861111 0.45161290 0.56976744 0.30128205
 99.00000000 0.66666667 0.41935484 0.55813953 0.33653846
 99.00000000 0.69444444 0.48387097 0.70930233 0.32692308
 108.00000000 0.66666667 0.48387097 0.69767442 0.33974359
 126.00000000 0.55555556 0.38709677 0.27906977 0.42307692
 136.00000000 0.61083333 0.35483871 0.51162791 0.46474359
 112.00000000 0.74972222 0.64516129 0.46511628 0.35897436
 125.00000000 0.74972222 0.70967742 0.51162791 0.42307692
 154.00000000 0.74972222 0.54838710 0.44186047 0.50000000
 76.00000000 0.61083333 0.25806452 0.46511628 0.22435897
 73.00000000 0.52777778 0.22580645 0.44186047 0.27243590
 70.00000000 0.52777778 0.19354839 0.41860465 0.20833333
 58.00000000 0.41666667 0.16129032 0.24418605 0.16987179
 21.00000000 0.08333333 0.06451613 0.22093023 0.06730769
 3.00000000 0.11111111 0.09677419 0.26744186 0.01923077
 3.00000000 0.05555556 0.06451613 0.04651163 0.00000000
 3.00000000 0.08333333 0.00000000 0.05813953 0.01923077
 3.00000000 0.11111111 0.00000000 0.10465116 0.04807692
 3.00000000 0.11111111 0.00000000 0.12790698 0.04166667
 3.00000000 0.11111111 0.00000000 0.20930233 0.03846154
 3.00000000 0.11111111 0.00000000 0.17441860 0.06410256
 3.00000000 0.11111111 0.00000000 0.18604651 0.06730769
 3.00000000 0.08333333 0.00000000 0.12790698 0.07051282
 8.00000000 0.05555556 0.00000000 0.08139535 0.04166667
 3.00000000 0.13888889 0.00000000 0.33720930 0.15064103
 3.00000000 0.11111111 0.00000000 0.18604651 0.12500000
 3.00000000 0.08333333 0.00000000 0.19767442 0.09935897
 3.00000000 0.08333333 0.00000000 0.15116279 0.09615385
 11.00000000 0.11111111 0.00000000 0.18604651 0.09615385
 9.00000000 0.11111111 0.00000000 0.11627907 0.09615385
 3.00000000 0.11111111 0.00000000 0.38372093 0.15064103
 9.00000000 0.13888889 0.00000000 0.48837209 0.17307692
 3.00000000 0.13888889 0.00000000 0.45348837 0.17948718
 6.00000000 0.13888889 0.00000000 0.38372093 0.22435897
 3.00000000 0.11111111 0.00000000 0.19767442 0.19551282
 3.00000000 0.13888889 0.03225806 0.17441860 0.23717949
 3.00000000 0.11111111 0.06451613 0.13953488 0.21474359
 3.00000000 0.13888889 0.03225806 0.22093023 0.28846154
 3.00000000 0.13888889 0.00000000 0.15116279 0.19230769
 3.00000000 0.11111111 0.00000000 0.19767442 0.13782051
 18.00000000 0.11111111 0.00000000 0.13953488 0.11858974
 200.00000000 0.61083333 0.22580645 0.63953488 0.68589744
 211.00000000 0.58333333 0.22580645 0.60465116 0.68589744
 193.00000000 0.55555556 0.19354839 0.58139535 0.62500000
 179.00000000 0.55555556 0.22580645 0.47674419 0.55769231
 177.00000000 0.49972222 0.19354839 0.37209302 0.56730769
 114.00000000 0.66666667 0.48387097 0.69767442 0.44230769
 130.00000000 0.69444444 0.32258065 0.69767442 0.39743590
 245.00000000 0.94444444 0.41935484 0.82558140 0.81089744
 3.00000000 0.13888889 0.19354839 0.40697674 0.00000000
 69.00000000 0.63861111 0.00000000 0.50000000 0.25000000
 160.00000000 0.44444444 0.00000000 0.40697674 0.50641026
 170.00000000 0.52777778 0.00000000 0.44186047 0.54166667
 182.00000000 0.74972222 0.00000000 0.54651163 0.59615385
 206.00000000 0.77750000 0.03225806 0.60465116 0.66025641
 175.00000000 0.69444444 0.00000000 0.59302326 0.55448718
 141.00000000 0.49972222 0.00000000 0.31395349 0.45512821
 136.00000000 0.44444444 0.00000000 0.30232558 0.41987179
 130.00000000 0.38888889 0.00000000 0.25581395 0.41666667
 124.00000000 0.38888889 0.00000000 0.26744186 0.38461538
 103.00000000 0.38888889 0.00000000 0.51162791 0.33333333
 77.00000000 0.55555556 0.00000000 0.53488372 0.29487179
 115.00000000 0.58333333 0.00000000 0.45348837 0.39102564
 96.00000000 0.61083333 0.00000000 0.51162791 0.33333333
 103.00000000 0.55555556 0.00000000 0.47674419 0.31089744
 100.00000000 0.49972222 0.00000000 0.43023256 0.33333333
 98.00000000 0.52777778 0.00000000 0.47674419 0.35897436
 123.00000000 0.52777778 0.00000000 0.52325581 0.39743590
 133.00000000 0.55555556 0.00000000 0.59302326 0.45192308
 132.00000000 0.55555556 0.00000000 0.59302326 0.41666667
 112.00000000 0.58333333 0.00000000 0.58139535 0.37820513
 115.00000000 0.55555556 0.00000000 0.56976744 0.35897436
 110.00000000 0.58333333 0.00000000 0.54651163 0.36858974
 107.00000000 0.55555556 0.00000000 0.55813953 0.33333333
 107.00000000 0.58333333 0.00000000 0.51162791 0.36217949
 115.00000000 0.77750000 0.00000000 0.50000000 0.46474359
 188.00000000 0.77750000 0.00000000 0.47674419 0.72115385
 211.00000000 0.74972222 0.00000000 0.46511628 0.77564103
 219.00000000 0.72222222 0.03225806 0.47674419 0.75961538
 197.00000000 0.55555556 0.00000000 0.46511628 0.64423077
 195.00000000 0.52777778 0.00000000 0.45348837 0.61217949
 207.00000000 0.55555556 0.00000000 0.52325581 0.71153846
 202.00000000 0.58333333 0.00000000 0.59302326 0.69230769
 197.00000000 0.63861111 0.00000000 0.68604651 0.65705128
 194.00000000 0.66666667 0.00000000 0.61627907 0.65384615
 177.00000000 0.63861111 0.00000000 0.62790698 0.55448718
 149.00000000 0.61083333 0.00000000 0.65116279 0.52243590
 148.00000000 0.63861111 0.00000000 0.63953488 0.50641026
 143.00000000 0.61083333 0.00000000 0.62790698 0.48076923
 137.00000000 0.61083333 0.00000000 0.59302326 0.43269231
 128.00000000 0.63861111 0.00000000 0.54651163 0.41666667
 94.00000000 0.58333333 0.00000000 0.48837209 0.29487179
 76.00000000 0.11111111 0.06451613 0.31395349 0.27564103
 91.00000000 0.13888889 0.03225806 0.29069767 0.31410256
 73.00000000 0.13888889 0.03225806 0.22093023 0.22115385
 64.00000000 0.16666667 0.00000000 0.20930233 0.24038462
 29.00000000 0.11111111 0.00000000 0.22093023 0.07692308
 18.00000000 0.05555556 0.00000000 0.05813953 0.11217949
