55 1.399 3 22 57
108 1.899 6 34 124
124 1.6 6 39 134
143 2 5 36 168
164 1.8 5 38 172
158 1.5 4 41 162
141 1.6 4 40 142
140 1.899 5 46 157
186 2.2 7 52 197
207 2.5 11 52 240
201 2.299 12 49 238
180 2.2 11 46 184
152 2.5 12 45 159
169 2.299 11 43 174
146 2.1 10 34 153
162 2.1 9 29 165
138 1.899 8 23 147
158 1.899 8 22 166
158 1.899 8 26 177
136 1.899 7 27 145
90 3.1 13 50 94
110 3 14 52 116
126 3 11 54 149
149 3.1 10 55 174
157 3.1 9 56 169
162 3.299 8 65 163
184 3.5 8 69 197
186 3.399 9 68 206
161 3.1 8 63 188
153 3 8 62 156
141 2.6 8 57 145
122 2.299 16 49 128
106 2.299 18 43 106
113 2.7 18 42 135
118 3.1 25 44 136
88 3 12 43 108
113 2.5 14 41 120
112 2.399 12 44 128
125 2.399 13 50 134
130 2.399 12 52 137
146 2.6 13 57 152
121 2.6 12 55 130
116 2.5 10 52 132
117 2.2 10 55 119
114 2.2 10 55 126
110 2.2 10 53 116
109 2.2 10 53 114
122 3.5 14 49 138
194 3.399 16 48 201
228 3.1 15 44 234
233 2.799 13 42 265
225 2.399 10 38 229
226 2.2 9 38 245
201 2 8 38 212
198 1.8 8 38 217
194 1.7 8 40 230
208 2.6 9 49 257
236 3.5 10 51 309
200 3.2 9 45 244
193 3.2 10 44 245
188 3 9 45 209
170 2.7 8 43 178
158 2.5 8 42 183
162 2.6 9 42 199
104 2.299 7 36 116
3 0.5 5 18 6
152 3.5 3 89 241
168 3.299 3 80 213
143 3 3 77 185
134 2.899 3 77 146
131 2.899 3 74 143
127 2.899 3 72 130
126 2.899 3 73 128
140 2.799 3 74 155
142 2.6 14 69 144
122 2.299 16 56 123
114 2.5 17 55 124
117 2.7 21 55 138
114 3.1 22 58 136
99 3.5 14 57 113
95 3.299 11 55 106
107 2.799 14 55 125
116 2.799 17 58 121
116 2.7 19 59 135
122 2.899 17 61 145
157 2.799 16 64 162
136 2.899 16 69 138
154 3 13 76 181
140 2.899 11 78 154
135 2.7 11 78 151
133 2.7 10 78 168
134 2.6 7 75 154
117 2.5 5 73 134
136 2.5 5 71 151
117 2.5 4 71 133
114 2.299 3 69 122
108 2.7 3 58 108
112 3.1 8 68 122
163 3.7 30 70 165
194 3.6 26 65 200
216 3.7 21 69 230
226 3.6 13 72 262
234 3 8 63 262
219 2.5 6 59 221
203 2.6 4 61 220
191 2.299 3 60 221
185 2.2 3 61 226
193 2.2 3 64 275
195 2.6 3 66 274
188 2.899 3 67 265
200 3.2 5 66 265
186 3.2 3 64 234
177 3.1 3 65 219
184 3.1 4 64 216
182 3 5 63 225
113 2 14 53 115
100 1.899 19 54 110
3 0.5 8 27 6
3 0.6 3 39 6
3 0.6 3 36 6
3 0.6 3 39 7
3 0.6 3 37 6
3 0.6 3 36 6
3 0.6 3 33 6
3 0.7 3 40 12
3 0.7 3 43 12
9 0.9 3 62 21
29 1 4 70 35
19 1.1 4 71 28
18 1 3 70 25
14 1.1 3 66 22
14 1.3 3 54 20
16 1.3 3 56 22
18 1.3 4 56 24
21 1.399 4 52 26
28 1.3 3 55 30
21 0.8 8 49 21
19 0.7 8 36 27
3 0.4 3 14 10
14 0.4 3 24 20
16 0.5 3 27 50
31 0.5 3 28 61
33 0.6 4 33 58
39 0.7 3 44 61
30 0.7 3 52 54
30 0.7 4 51 48
34 0.7 4 48 52
32 0.7 4 51 54
36 0.7 4 55 58
36 0.8 6 68 62
37 0.8 7 71 71
50 0.9 10 73 83
61 0.9 11 63 86
70 1 12 61 95
76 1.1 10 71 112
79 0.9 11 54 88
76 0.8 13 42 88
90 0.9 12 47 100
96 1.899 3 40 100
147 1.6 4 39 148
184 2.1 5 47 184
172 2.6 8 58 200
189 2.2 8 49 192
158 2.1 7 46 177
140 2.1 8 38 148
141 2.1 7 35 157
129 2.899 13 61 149
127 3.2 8 66 136
184 3.299 6 72 192
204 3.1 6 80 216
174 2.899 6 76 180
162 2.7 5 74 173
132 2.6 6 71 136
127 2.6 6 70 131
84 2.7 24 56 105
92 3 15 53 100
90 2.7 12 49 96
98 2.399 12 46 110
96 2.299 11 46 102
126 2.5 11 58 134
104 2.299 10 71 112
102 2.2 9 72 116
106 2.1 9 67 116
110 2.2 8 64 120
124 3.1 32 63 140
154 3.2 34 66 173
199 3.2 31 69 204
212 3 24 64 232
218 2.6 19 56 219
187 2.299 17 51 192
171 2 14 50 188
181 1.7 12 50 183
186 1.7 13 52 195
185 1.7 13 60 224
194 2 12 64 227
174 2.2 9 58 203
154 2.5 6 56 173
128 2.5 5 56 139
134 2.5 5 55 137
104 2.5 4 50 125
115 2.5 4 46 118
123 2.399 4 52 132
113 2.5 3 46 118
88 2.2 3 46 95
3 0.4 3 32 6
3 0.4 3 26 6
3 0.4 3 33 6
3 0.5 3 51 7
21 0.8 3 70 24
7 0.7 3 61 16
8 0.8 3 57 9
12 1.2 3 48 15
13 1.2 3 44 19
14 1.5 3 43 28
38 1.5 3 53 53
3 0.3 4 26 6
27 0.5 3 43 51
32 0.6 3 52 39
35 0.6 3 60 43
33 0.6 3 62 41
20 0.6 3 63 34
35 0.6 3 57 38
41 0.6 4 67 46
45 0.7 3 70 62
50 0.8 4 72 76
64 0.8 6 65 65
65 0.8 8 64 76
78 0.9 9 72 111
81 0.9 10 72 81
80 0.7 13 46 110
85 0.7 14 40 94
79 0.8 12 60 107
96 0.8 12 53 114
85 0.6 3 18 109
32 0.6 3 38 47
52 0.8 3 49 59
52 0.9 3 48 66
14 0.5 3 17 44
109 1.7 4 55 119
223 2.5 3 83 240
205 2.299 5 66 219
196 2.2 3 57 204
201 2.2 3 62 212
110 2.799 3 72 119
96 3 3 72 101
147 3.1 3 89 149
145 2.5 6 62 152
34 0.7 3 52 126
60 0.6 3 30 86
42 0.6 3 36 66
19 0.7 3 38 33
15 0.5 3 48 24
34 0.9 3 68 95
76 1.2 3 49 78
63 1.1 3 23 68
100 1.7 4 37 111
118 1.7 4 34 127
117 1.7 3 43 119
116 1.399 3 38 124
140 1.5 3 40 143
130 1.8 4 36 149
174 1.8 4 35 183
172 1.399 3 43 184
154 1.399 3 41 173
157 1.5 3 40 172
163 1.8 4 51 189
196 2.2 9 54 240
211 2.399 11 57 272
192 2 10 48 236
174 2.1 12 46 196
172 2.2 12 48 186
163 2 11 42 183
156 2 10 34 178
157 1.6 8 25 180
134 1.8 7 26 147
108 2 6 31 111
86 2.2 7 41 90
75 2.5 10 45 86
72 2.899 12 47 93
116 2.799 12 53 126
134 2.7 11 57 150
161 2.799 11 62 176
170 2.899 10 65 195
167 2.899 9 62 175
145 3.2 8 66 165
176 3.399 6 66 214
198 3.399 7 76 256
181 3.2 6 70 243
156 2.7 6 66 206
145 2.7 6 64 189
141 2.7 6 62 168
148 2.6 6 61 152
133 2.5 7 61 146
135 2.5 7 61 156
155 2.299 12 60 158
138 2.2 21 55 151
135 2.1 21 52 145
117 2 21 46 131
117 2.1 21 44 142
131 2.399 23 43 169
111 2.799 24 46 141
110 2.899 12 42 127
93 2.7 10 41 119
128 2.7 10 40 128
109 2.299 12 43 122
126 2.2 13 45 127
135 2.1 16 49 136
147 2.2 15 52 159
155 2.2 16 59 172
150 2.2 15 61 176
151 2.299 14 66 170
138 2.299 11 60 156
132 2.2 9 57 141
137 2 11 64 164
129 1.8 10 64 148
124 1.7 7 57 132
119 1.7 8 57 130
102 1.6 5 49 109
97 1.899 4 48 110
103 2.799 21 56 122
151 3.2 30 61 163
166 3.2 32 58 185
206 2.799 24 49 219
227 2.6 17 47 240
221 2.299 13 46 246
220 2 10 45 236
223 1.8 9 46 243
205 1.6 9 44 218
201 1.5 10 46 239
199 1.6 12 52 256
202 1.899 9 55 269
215 2.399 8 55 302
191 2.799 5 43 208
173 2.799 5 47 257
180 3 5 45 244
161 2.7 4 40 192
144 2.7 4 33 154
135 2.5 4 38 175
156 2.6 5 45 219
140 2.5 4 37 151
139 2.2 5 43 154
113 1.899 6 43 126
6 0.3 5 32 16
3 0.4 3 45 6
3 0.5 3 37 8
14 0.5 3 49 17
3 0.5 3 58 14
10 0.4 3 46 11
11 0.4 3 47 11
3 0.6 3 57 7
3 0.6 3 58 11
17 0.7 3 60 25
6 0.8 3 59 21
23 0.7 3 50 28
10 0.7 3 39 18
21 0.8 3 39 22
8 0.9 3 33 22
13 1 3 30 22
14 1 3 24 22
14 0.9 3 22 21
36 1.3 3 36 38
19 0.8 4 84 33
12 0.1 3 20 21
16 0.1 3 22 27
22 0.1 3 24 74
19 0.2 3 27 63
23 0.2 3 30 57
28 0.3 3 37 58
34 0.5 3 55 61
45 0.5 3 73 80
41 0.4 3 67 89
54 0.6 3 49 85
60 0.6 3 41 78
62 0.6 3 35 78
76 0.8 8 59 119
84 0.8 7 77 128
82 0.6 9 56 98
94 0.6 10 63 108
83 0.7 10 67 109
76 0.4 3 19 103
23 0.3 3 31 35
19 0.5 3 52 42
65 0.8 4 59 71
29 0.4 3 23 38
74 1.1 5 45 89
101 1.6 5 28 104
109 1.6 4 39 117
111 1.7 5 49 114
136 1.8 4 49 138
154 1.899 4 49 173
171 1.6 5 45 177
162 1.3 4 51 175
144 1.399 4 49 156
138 1.6 4 51 144
188 2.1 6 59 202
215 2.299 8 65 251
201 2 8 61 237
189 1.8 8 57 201
154 2 11 51 163
182 2 10 46 191
178 1.899 10 46 197
169 1.7 8 36 201
169 1.5 8 33 178
171 1.6 7 27 174
165 1.5 7 27 171
135 1.5 6 28 143
121 1.6 6 30 126
81 2.7 13 57 97
105 2.799 12 58 123
122 2.799 10 60 145
125 2.899 8 60 135
120 2.799 8 63 145
131 2.799 8 68 147
158 2.899 6 72 164
178 3 6 76 197
153 2.7 5 64 184
152 2.6 5 65 167
145 2.2 8 58 159
145 2.2 7 64 154
140 2.1 10 63 157
126 1.899 14 57 138
120 1.8 16 51 126
108 1.8 17 49 114
107 2 18 48 124
114 2.2 16 48 128
90 2.6 12 46 94
99 2.6 12 50 110
117 2.1 17 49 129
121 2.2 19 54 124
127 2.2 19 58 148
159 2.2 20 61 160
156 2.2 18 65 163
144 2.2 16 68 159
138 2.1 15 68 145
138 2 16 68 151
135 1.899 14 67 156
137 2 11 63 153
139 2 10 61 140
118 1.899 10 59 137
118 2 8 54 139
118 1.899 7 49 127
115 2.399 13 58 121
127 2.799 18 58 144
179 2.899 24 61 193
199 2.799 25 60 227
226 2.5 20 56 260
245 2.799 16 64 300
162 3 8 66 318
203 3 7 62 251
198 3.1 6 60 251
186 3 6 57 215
186 2.7 6 56 255
180 2.5 7 56 251
178 2.5 7 53 242
167 2.5 7 60 192
115 1.899 5 46 122
3 0.1 4 32 10
11 0.1 3 31 12
6 0.1 3 31 10
3 0.1 3 34 10
3 0.1 3 38 9
3 0.1 3 35 6
3 0.2 3 48 8
12 0.3 3 59 16
11 0.4 3 65 18
12 0.4 3 69 20
24 0.5 3 71 29
16 0.3 3 62 17
13 0.5 3 65 18
14 0.6 3 64 18
15 0.6 3 56 21
20 0.6 3 54 21
18 0.6 3 50 22
15 0.3 3 40 18
14 0.2 3 39 15
23 0.4 3 45 24
18 0.5 3 53 29
28 0.1 9 36 32
29 0.1 3 41 50
26 0.1 3 48 59
31 0.1 3 54 77
32 0.1 3 50 56
33 0.1 3 51 63
34 0.1 3 59 61
37 0.2 4 65 65
40 0.2 4 67 66
38 0.2 4 71 69
42 0.3 3 70 81
47 0.3 4 64 89
64 0.4 4 64 95
64 0.4 5 66 100
68 0.3 9 60 98
76 0.2 12 49 90
64 0.2 11 43 77
92 0.3 9 56 100
120 0.4 8 72 131
112 0.3 8 48 126
98 0.2 6 24 104
74 0.3 3 38 82
18 0.1 3 44 38
34 0.2 3 46 53
57 0.4 3 60 82
54 0.4 3 46 73
140 2.799 8 47 145
147 2.5 7 43 165
153 2.5 8 45 165
149 2.299 8 46 162
137 2.2 7 46 150
118 2.1 6 33 120
110 2 6 36 116
118 2 7 36 129
109 1.899 8 32 116
9 0.3 3 3 14
3 0.3 3 12 12
3 0.3 3 3 7
3 0.2 3 6 6
6 0.2 3 5 9
11 0.3 3 4 22
10 0.3 3 3 14
14 0.3 3 11 18
20 0.3 4 10 26
26 0.4 4 17 35
15 0.3 3 13 62
19 0.3 3 11 25
19 0.3 3 11 22
25 0.3 3 12 28
48 0.5 3 22 48
59 0.5 4 16 80
80 0.6 4 16 82
35 0.6 3 23 49
88 2.1 15 25 95
148 2 17 36 169
159 2.299 22 58 170
160 2.399 24 61 178
169 2.5 20 53 173
146 2.399 20 50 155
149 1.7 21 41 154
138 1.6 20 32 147
68 2 14 27 89
81 2.299 19 44 87
86 2.399 19 49 92
97 2.399 18 53 107
99 2.399 17 52 100
99 2.5 16 51 111
99 2.6 18 64 108
108 2.5 18 63 112
126 2.1 15 27 138
136 2.299 14 47 151
112 2.799 23 43 118
125 2.799 25 47 138
154 2.799 20 41 162
76 2.299 11 43 76
73 2 10 41 91
70 2 9 39 71
58 1.6 8 24 59
21 0.4 5 22 27
3 0.5 6 26 12
3 0.3 5 7 6
3 0.4 3 8 12
3 0.5 3 12 21
3 0.5 3 14 19
3 0.5 3 21 18
3 0.5 3 18 26
3 0.5 3 19 27
3 0.4 3 14 28
8 0.3 3 10 19
3 0.6 3 32 53
3 0.5 3 19 45
3 0.4 3 20 37
3 0.4 3 16 36
11 0.5 3 19 36
9 0.5 3 13 36
3 0.5 3 36 53
9 0.6 3 45 60
3 0.6 3 42 62
6 0.6 3 36 76
3 0.5 3 20 67
3 0.6 4 18 80
3 0.5 5 15 73
3 0.6 4 22 96
3 0.6 3 16 66
3 0.5 3 20 49
18 0.5 3 15 43
200 2.299 10 58 220
211 2.2 10 55 220
193 2.1 9 53 201
179 2.1 10 44 180
177 1.899 9 35 183
114 2.5 18 63 144
130 2.6 13 63 130
245 3.5 16 74 259
3 0.6 9 38 6
69 2.399 3 46 84
160 1.7 3 38 164
170 2 3 41 175
182 2.799 3 50 192
206 2.899 4 55 212
175 2.6 3 54 179
141 1.899 3 30 148
136 1.7 3 29 137
130 1.5 3 25 136
124 1.5 3 26 126
103 1.5 3 47 110
77 2.1 3 49 98
115 2.2 3 42 128
96 2.299 3 47 110
103 2.1 3 44 103
100 1.899 3 40 110
98 2 3 44 118
123 2 3 48 130
133 2.1 3 54 147
132 2.1 3 54 136
112 2.2 3 53 124
115 2.1 3 52 118
110 2.2 3 50 121
107 2.1 3 51 110
107 2.2 3 47 119
115 2.899 3 46 151
188 2.899 3 44 231
211 2.799 3 43 248
219 2.7 4 44 243
197 2.1 3 43 207
195 2 3 42 197
207 2.1 3 48 228
202 2.2 3 54 222
197 2.399 3 62 211
194 2.5 3 56 210
177 2.399 3 57 179
149 2.299 3 59 169
148 2.399 3 58 164
143 2.299 3 57 156
137 2.299 3 54 141
128 2.399 3 50 136
94 2.2 3 45 98
76 0.5 5 30 92
91 0.6 4 28 104
73 0.6 4 22 75
64 0.7 3 21 81
29 0.5 3 22 30
18 0.3 3 8 41