 35.00000000 0.03921569 0.00704225 0.01507538 0.26329114
 12.00000000 0.03921569 0.00000000 0.01507538 0.14430380
 9.00000000 0.03921569 0.00000000 0.02010050 0.12658228
 8.00000000 0.03921569 0.00000000 0.04020101 0.03797468
 3.00000000 0.03921569 0.00000000 0.03517588 0.00759494
 3.00000000 0.05882353 0.00000000 0.04522613 0.03797468
 3.00000000 0.05882353 0.00000000 0.06030151 0.07341772
 3.00000000 0.07843137 0.00704225 0.05527638 0.00000000
 3.00000000 0.07843137 0.00704225 0.02010050 0.00253165
 3.00000000 0.03921569 0.00704225 0.00000000 0.00000000
 3.00000000 0.03921569 0.00704225 0.00000000 0.00000000
 3.00000000 0.01960784 0.00704225 0.01507538 0.04810127
 41.00000000 0.01960784 0.09859155 0.35678392 0.22025316
 13.00000000 0.11764706 0.07746479 0.45728643 0.32405063
 44.00000000 0.09803922 0.07746479 0.47738693 0.34936709
 46.00000000 0.09803922 0.07746479 0.42713568 0.31645570
 48.00000000 0.13725490 0.05633803 0.39195980 0.30379747
 51.00000000 0.13725490 0.04225352 0.35678392 0.34430380
 53.00000000 0.17647059 0.03521127 0.32160804 0.31392405
 43.00000000 0.15686275 0.06338028 0.36683417 0.14177215
 43.00000000 0.13725490 0.09859155 0.36180905 0.29113924
 55.00000000 0.11764706 0.16197183 0.31155779 0.33417722
 62.00000000 0.13725490 0.16901408 0.36180905 0.35443038
 65.00000000 0.17647059 0.14084507 0.43718593 0.31139241
 84.00000000 0.17647059 0.11971831 0.56281407 0.36708861
 100.00000000 0.09803922 0.13380282 0.47738693 0.32658228
 51.00000000 0.00000000 0.14084507 0.22613065 0.30886076
 74.00000000 0.07843137 0.14084507 0.21105528 0.35949367
 84.00000000 0.09803922 0.15492958 0.21105528 0.34936709
 84.00000000 0.11764706 0.21126761 0.19597990 0.32911392
 86.00000000 0.13725490 0.26760563 0.20603015 0.34177215
 94.00000000 0.13725490 0.30985915 0.18592965 0.34936709
 100.00000000 0.15686275 0.33098592 0.19597990 0.36455696
 99.00000000 0.13725490 0.30281690 0.19095477 0.38481013
 97.00000000 0.15686275 0.30281690 0.16080402 0.39746835
 104.00000000 0.17647059 0.35211268 0.15577889 0.37974684
 110.00000000 0.19607843 0.42957746 0.20100503 0.37215190
 136.00000000 0.15686275 0.50704225 0.25125628 0.44810127
 140.00000000 0.09803922 0.46478873 0.29648241 0.38734177
 152.00000000 0.09803922 0.42253521 0.33165829 0.50632911
 152.00000000 0.07843137 0.34507042 0.36683417 0.43544304
 150.00000000 0.01960784 0.21830986 0.36683417 0.47088608
 156.00000000 0.00000000 0.18309859 0.35678392 0.47594937
 116.00000000 0.00000000 0.16901408 0.33668342 0.35443038
 136.00000000 0.00000000 0.18309859 0.34170854 0.33924051
 111.00000000 0.29411765 0.02816901 0.46231156 0.36202532
 103.00000000 0.29411765 0.04225352 0.44221106 0.44556962
 97.00000000 0.33333333 0.10563380 0.46231156 0.46075949
 100.00000000 0.31372549 0.24647887 0.37688442 0.45316456
 17.00000000 0.17647059 0.07746479 0.14572864 0.03544304
 12.00000000 0.07843137 0.01408451 0.09547739 0.02784810
 17.00000000 0.03921569 0.00704225 0.17085427 0.09113924
 12.00000000 0.01960784 0.00000000 0.25628141 0.04810127
 72.00000000 0.03921569 0.09859155 0.42211055 0.31139241
 89.00000000 0.09803922 0.11971831 0.36180905 0.29873418
 90.00000000 0.13725490 0.15492958 0.35678392 0.28607595
 79.00000000 0.09803922 0.18309859 0.29145729 0.28860759
 62.00000000 0.13725490 0.14084507 0.29145729 0.23037975
 15.00000000 0.23529412 0.15492958 0.33165829 0.28607595
 117.00000000 0.35274510 0.16901408 0.34170854 0.55696203
 166.00000000 0.43117647 0.19014085 0.30653266 0.54683544
 193.00000000 0.45078431 0.19718310 0.26633166 0.58987342
 204.00000000 0.43117647 0.21126761 0.20603015 0.54936709
 177.00000000 0.49019608 0.26056338 0.21608040 0.54936709
 250.00000000 0.50980392 0.18309859 0.21608040 0.62278481
 273.00000000 0.50980392 0.17605634 0.22613065 0.70379747
 240.00000000 0.50980392 0.18309859 0.20100503 0.63037975
 236.00000000 0.52921569 0.19014085 0.18090452 0.60759494
 237.00000000 0.56862745 0.21126761 0.16582915 0.63037975
 104.00000000 0.21568627 0.38732394 0.25125628 0.34430380
 72.00000000 0.23529412 0.33802817 0.29145729 0.33670886
 93.00000000 0.23529412 0.35915493 0.29648241 0.42278481
 106.00000000 0.21568627 0.28873239 0.27638191 0.29367089
 103.00000000 0.23529412 0.27464789 0.25628141 0.32405063
 129.00000000 0.41176471 0.06338028 0.23115578 0.32911392
 136.00000000 0.43117647 0.04225352 0.22110553 0.39240506
 133.00000000 0.47058824 0.11971831 0.26633166 0.38734177
 152.00000000 0.50980392 0.31690141 0.31155779 0.53164557
 195.00000000 0.47058824 0.39436620 0.27135678 0.52151899
 3.00000000 0.13725490 0.08450704 0.19597990 0.00000000
 3.00000000 0.09803922 0.06338028 0.28140704 0.13670886
 3.00000000 0.01960784 0.04225352 0.39195980 0.14936709
 175.00000000 0.19607843 0.05633803 0.85929648 0.43037975
 176.00000000 0.23529412 0.11267606 0.85427136 0.47088608
 193.00000000 0.29411765 0.23239437 0.64824121 0.64556962
 254.00000000 0.29411765 0.16197183 0.34170854 0.66329114
 143.00000000 0.49019608 0.39436620 0.24623116 0.40506329
 139.00000000 0.52921569 0.38028169 0.24623116 0.34936709
 105.00000000 0.49019608 0.33802817 0.22613065 0.29620253
 128.00000000 0.64686275 0.48591549 0.27638191 0.40253165
 50.00000000 0.45078431 0.17605634 0.24623116 0.50886076
 70.00000000 0.29411765 0.13380282 0.20100503 0.16202532
 69.00000000 0.31372549 0.10563380 0.18090452 0.17721519
 92.00000000 0.35274510 0.08450704 0.27638191 0.33164557
 78.00000000 0.29411765 0.05633803 0.14070352 0.27088608
 71.00000000 0.31372549 0.02112676 0.15075377 0.23797468
 30.00000000 0.03921569 0.00000000 0.05025126 0.30126582
 12.00000000 0.03921569 0.00000000 0.04020101 0.22025316
 9.00000000 0.03921569 0.00704225 0.05025126 0.09873418
 3.00000000 0.03921569 0.00704225 0.04522613 0.03037975
 3.00000000 0.03921569 0.00704225 0.04522613 0.01772152
 3.00000000 0.03921569 0.00704225 0.05527638 0.02531646
 3.00000000 0.03921569 0.00000000 0.08542714 0.04556962
 8.00000000 0.03921569 0.00000000 0.08040201 0.01012658
 3.00000000 0.03921569 0.00704225 0.05025126 0.02025316
 3.00000000 0.03921569 0.00704225 0.05025126 0.00253165
 3.00000000 0.03921569 0.00000000 0.04020101 0.00000000
 10.00000000 0.01960784 0.00000000 0.03517588 0.02531646
 14.00000000 0.01960784 0.00000000 0.03015075 0.03037975
 12.00000000 0.01960784 0.00000000 0.03015075 0.04810127
 9.00000000 0.03921569 0.00000000 0.04522613 0.05063291
 3.00000000 0.03921569 0.00000000 0.05527638 0.06075949
 18.00000000 0.03921569 0.00704225 0.08542714 0.15949367
 19.00000000 0.05882353 0.00000000 0.13065327 0.23037975
 17.00000000 0.05882353 0.01408451 0.13567839 0.25569620
 25.00000000 0.07843137 0.11267606 0.16582915 0.25822785
 33.00000000 0.09803922 0.14084507 0.21105528 0.24303797
 32.00000000 0.11764706 0.11267606 0.26633166 0.21772152
 36.00000000 0.11764706 0.10563380 0.34673367 0.25063291
 41.00000000 0.11764706 0.10563380 0.41708543 0.27848101
 43.00000000 0.11764706 0.10563380 0.45728643 0.28101266
 46.00000000 0.15686275 0.11267606 0.44221106 0.30886076
 47.00000000 0.17647059 0.09859155 0.43718593 0.28354430
 59.00000000 0.19607843 0.14084507 0.46733668 0.22025316
 60.00000000 0.15686275 0.19014085 0.39698492 0.33164557
 63.00000000 0.17647059 0.19014085 0.45226131 0.34177215
 68.00000000 0.17647059 0.14084507 0.49246231 0.24556962
 87.00000000 0.19607843 0.14084507 0.58291457 0.32658228
 102.00000000 0.17647059 0.16197183 0.49246231 0.36202532
 57.00000000 0.09803922 0.08450704 0.09547739 0.23797468
 54.00000000 0.11764706 0.09154930 0.10552764 0.30126582
 46.00000000 0.11764706 0.13380282 0.14070352 0.33417722
 96.00000000 0.13725490 0.20422535 0.14070352 0.45822785
 76.00000000 0.21568627 0.26056338 0.13567839 0.50886076
 63.00000000 0.21568627 0.27464789 0.14070352 0.28607595
 68.00000000 0.19607843 0.27464789 0.14572864 0.30126582
 59.00000000 0.13725490 0.22535211 0.16080402 0.26582278
 44.00000000 0.09803922 0.14084507 0.13065327 0.25569620
 43.00000000 0.09803922 0.13380282 0.11055276 0.19240506
 50.00000000 0.11764706 0.14084507 0.11557789 0.28354430
 54.00000000 0.11764706 0.17605634 0.13065327 0.27341772
 72.00000000 0.13725490 0.19718310 0.12562814 0.31392405
 82.00000000 0.15686275 0.24647887 0.16582915 0.30379747
 86.00000000 0.17647059 0.28873239 0.20603015 0.30379747
 89.00000000 0.17647059 0.33802817 0.22110553 0.28101266
 91.00000000 0.17647059 0.35915493 0.22613065 0.31392405
 99.00000000 0.19607843 0.35915493 0.23115578 0.36202532
 100.00000000 0.19607843 0.33098592 0.22613065 0.30379747
 109.00000000 0.19607843 0.33802817 0.18090452 0.36962025
 114.00000000 0.23529412 0.37323944 0.15577889 0.35189873
 115.00000000 0.27450980 0.50704225 0.14572864 0.32151899
 117.00000000 0.27450980 0.54929577 0.14572864 0.32151899
 116.00000000 0.23529412 0.51408451 0.14572864 0.36202532
 125.00000000 0.25470588 0.44366197 0.16080402 0.44810127
 118.00000000 0.23529412 0.45070423 0.15577889 0.31645570
 104.00000000 0.19607843 0.30281690 0.14572864 0.37974684
 104.00000000 0.19607843 0.24647887 0.14070352 0.41012658
 114.00000000 0.17647059 0.19718310 0.14572864 0.36962025
 114.00000000 0.17647059 0.21830986 0.17085427 0.31645570
 105.00000000 0.17647059 0.27464789 0.16582915 0.28860759
 118.00000000 0.17647059 0.26760563 0.19597990 0.31139241
 120.00000000 0.19607843 0.22535211 0.24120603 0.30886076
 133.00000000 0.27450980 0.15492958 0.56783920 0.47848101
 149.00000000 0.25470588 0.20422535 0.49246231 0.46329114
 134.00000000 0.21568627 0.31690141 0.42211055 0.35443038
 21.00000000 0.05882353 0.02816901 0.07537688 0.06329114
 13.00000000 0.03921569 0.00704225 0.07537688 0.03544304
 14.00000000 0.03921569 0.00704225 0.07537688 0.02025316
 31.00000000 0.05882353 0.02112676 0.12060302 0.22278481
 56.00000000 0.17647059 0.11971831 0.29648241 0.28607595
 51.00000000 0.15686275 0.11267606 0.25628141 0.17215190
 40.00000000 0.09803922 0.12676056 0.17587940 0.20759494
 48.00000000 0.13725490 0.17605634 0.15577889 0.30886076
 63.00000000 0.15686275 0.21126761 0.20603015 0.25316456
 70.00000000 0.13725490 0.25352113 0.16080402 0.20506329
 69.00000000 0.13725490 0.20422535 0.20603015 0.17974684
 74.00000000 0.17647059 0.21830986 0.22613065 0.21772152
 88.00000000 0.23529412 0.22535211 0.29145729 0.36708861
 130.00000000 0.35274510 0.31690141 0.35175879 0.49620253
 188.00000000 0.41176471 0.35211268 0.28643216 0.61772152
 188.00000000 0.37254902 0.38732394 0.26130653 0.48860759
 187.00000000 0.41176471 0.45774648 0.29145729 0.47341772
 201.00000000 0.45078431 0.37323944 0.32160804 0.51898734
 218.00000000 0.43117647 0.30281690 0.28140704 0.55443038
 103.00000000 0.33333333 0.27464789 0.24120603 0.26582278
 116.00000000 0.31372549 0.26056338 0.25628141 0.30886076
 151.00000000 0.41176471 0.20422535 0.38190955 0.39240506
 158.00000000 0.41176471 0.24647887 0.43718593 0.42531646
 151.00000000 0.37254902 0.40140845 0.29648241 0.38987342
 29.00000000 0.13725490 0.07042254 0.09045226 0.10886076
 34.00000000 0.13725490 0.07746479 0.09547739 0.10126582
 65.00000000 0.19607843 0.11971831 0.13065327 0.75949367
 104.00000000 0.23529412 0.17605634 0.13567839 0.32911392
 96.00000000 0.25470588 0.15492958 0.26633166 0.27848101
 107.00000000 0.31372549 0.14788732 0.35678392 0.35443038
 123.00000000 0.37254902 0.16901408 0.67336683 0.39493671
 137.00000000 0.39215686 0.19014085 0.79899497 0.43291139
 127.00000000 0.31372549 0.23943662 0.57788945 0.37721519
 134.00000000 0.31372549 0.30281690 0.52763819 0.49873418
 141.00000000 0.31372549 0.29577465 0.53266332 0.52151899
 164.00000000 0.37254902 0.33802817 0.52261307 0.60506329
 204.00000000 0.35274510 0.25352113 0.17587940 0.58227848
 160.00000000 0.50980392 0.56338028 0.19597990 0.42784810
 143.00000000 0.49019608 0.54929577 0.25125628 0.36455696
 119.00000000 0.54882353 0.60563380 0.27135678 0.28860759
 112.00000000 0.50980392 0.59859155 0.29145729 0.28354430
 130.00000000 0.49019608 0.43661972 0.31658291 0.31392405
 106.00000000 0.43117647 0.24647887 0.30150754 0.27341772
 67.00000000 0.29411765 0.14084507 0.35678392 0.17721519
 79.00000000 0.31372549 0.11971831 0.32663317 0.21518987
 86.00000000 0.25470588 0.07042254 0.22613065 0.23291139
 35.00000000 0.01960784 0.00704225 0.14070352 0.08101266
 3.00000000 0.01960784 0.00000000 0.09547739 0.02531646
 8.00000000 0.03921569 0.00704225 0.10050251 0.02278481
 3.00000000 0.03921569 0.00000000 0.14572864 0.08354430
 7.00000000 0.03921569 0.00704225 0.08542714 0.03037975
 3.00000000 0.03921569 0.00704225 0.07035176 0.02278481
 10.00000000 0.03921569 0.00704225 0.06532663 0.02278481
 3.00000000 0.01960784 0.00000000 0.06030151 0.00000000
 6.00000000 0.01960784 0.00000000 0.06030151 0.05316456
 7.00000000 0.01960784 0.00000000 0.06532663 0.02784810
 11.00000000 0.01960784 0.00000000 0.07035176 0.05569620
 9.00000000 0.03921569 0.00000000 0.08542714 0.05316456
 6.00000000 0.03921569 0.00000000 0.10552764 0.06582278
 3.00000000 0.03921569 0.00000000 0.13567839 0.06835443
 18.00000000 0.05882353 0.00000000 0.25125628 0.22784810
 16.00000000 0.05882353 0.00000000 0.23618090 0.17468354
 27.00000000 0.07843137 0.08450704 0.27638191 0.21265823
 33.00000000 0.07843137 0.13380282 0.31658291 0.24050633
 36.00000000 0.09803922 0.11971831 0.35175879 0.21518987
 34.00000000 0.09803922 0.09859155 0.37185930 0.23291139
 43.00000000 0.09803922 0.10563380 0.45728643 0.27594937
 46.00000000 0.09803922 0.06338028 0.48241206 0.28860759
 42.00000000 0.11764706 0.04225352 0.49246231 0.23037975
 41.00000000 0.13725490 0.02112676 0.46231156 0.26329114
 53.00000000 0.17647059 0.02816901 0.46733668 0.29113924
 59.00000000 0.13725490 0.07746479 0.44723618 0.29367089
 54.00000000 0.11764706 0.14084507 0.42713568 0.30379747
 58.00000000 0.13725490 0.17605634 0.42211055 0.31392405
 57.00000000 0.11764706 0.16901408 0.37688442 0.20506329
 54.00000000 0.13725490 0.12676056 0.44723618 0.31645570
 88.00000000 0.19607843 0.13380282 0.61809045 0.32658228
 92.00000000 0.15686275 0.11971831 0.53266332 0.36202532
 39.00000000 0.07843137 0.04929577 0.13065327 0.17721519
 46.00000000 0.09803922 0.07042254 0.17085427 0.24050633
 38.00000000 0.09803922 0.09859155 0.16582915 0.30886076
 56.00000000 0.11764706 0.16197183 0.18592965 0.37468354
 59.00000000 0.21568627 0.21830986 0.18090452 0.45569620
 54.00000000 0.19607843 0.23239437 0.19095477 0.26329114
 60.00000000 0.15686275 0.23239437 0.21105528 0.30126582
 56.00000000 0.11764706 0.18309859 0.21105528 0.23797468
 41.00000000 0.07843137 0.11267606 0.15075377 0.22531646
 39.00000000 0.07843137 0.10563380 0.15577889 0.20506329
 43.00000000 0.07843137 0.09859155 0.14572864 0.27594937
 49.00000000 0.09803922 0.09859155 0.17587940 0.25822785
 58.00000000 0.09803922 0.09154930 0.19095477 0.29113924
 72.00000000 0.11764706 0.10563380 0.19095477 0.31645570
 80.00000000 0.13725490 0.17605634 0.22110553 0.29113924
 87.00000000 0.15686275 0.23943662 0.23618090 0.28860759
 92.00000000 0.15686275 0.33802817 0.26130653 0.30632911
 97.00000000 0.17647059 0.33098592 0.27638191 0.32911392
 105.00000000 0.17647059 0.27464789 0.23618090 0.32658228
 108.00000000 0.17647059 0.30281690 0.18592965 0.36962025
 101.00000000 0.21568627 0.35915493 0.16080402 0.36962025
 113.00000000 0.23529412 0.45774648 0.15075377 0.27848101
 108.00000000 0.21568627 0.41549296 0.14070352 0.32911392
 105.00000000 0.17647059 0.34507042 0.14572864 0.33417722
 102.00000000 0.17647059 0.30281690 0.16582915 0.35696203
 126.00000000 0.21568627 0.33098592 0.19597990 0.37468354
 106.00000000 0.17647059 0.23239437 0.21608040 0.33924051
 109.00000000 0.17647059 0.16901408 0.22110553 0.34430380
 115.00000000 0.15686275 0.12676056 0.21608040 0.38227848
 109.00000000 0.15686275 0.13380282 0.22613065 0.28607595
 115.00000000 0.15686275 0.14084507 0.21105528 0.27848101
 108.00000000 0.15686275 0.14084507 0.23115578 0.26582278
 97.00000000 0.15686275 0.11971831 0.24120603 0.25822785
 114.00000000 0.17647059 0.08450704 0.33165829 0.28860759
 124.00000000 0.21568627 0.04929577 0.60804020 0.31898734
 120.00000000 0.23529412 0.03521127 0.62311558 0.37215190
 138.00000000 0.23529412 0.02816901 0.58291457 0.37721519
 138.00000000 0.21568627 0.03521127 0.47738693 0.37974684
 145.00000000 0.21568627 0.10563380 0.46231156 0.42025316
 135.00000000 0.19607843 0.22535211 0.43718593 0.37974684
 23.00000000 0.03921569 0.01408451 0.06030151 0.06582278
 16.00000000 0.03921569 0.00704225 0.08040201 0.04050633
 27.00000000 0.03921569 0.00000000 0.07537688 0.07848101
 12.00000000 0.03921569 0.00000000 0.11055276 0.09367089
 56.00000000 0.17647059 0.15492958 0.27638191 0.36708861
 40.00000000 0.17647059 0.09859155 0.30653266 0.23291139
 43.00000000 0.11764706 0.09154930 0.25125628 0.15949367
 34.00000000 0.07843137 0.09859155 0.19597990 0.18734177
 45.00000000 0.09803922 0.14084507 0.20603015 0.26582278
 57.00000000 0.13725490 0.17605634 0.23115578 0.23291139
 62.00000000 0.11764706 0.13380282 0.22110553 0.14430380
 103.00000000 0.31372549 0.13380282 0.44723618 0.45063291
 161.00000000 0.33333333 0.14084507 0.30653266 0.68354430
 180.00000000 0.33333333 0.20422535 0.24623116 0.46582278
 209.00000000 0.45078431 0.22535211 0.26130653 0.51898734
 220.00000000 0.50980392 0.21830986 0.24623116 0.55189873
 97.00000000 0.25470588 0.20422535 0.20603015 0.23037975
 104.00000000 0.29411765 0.16901408 0.23115578 0.28607595
 120.00000000 0.27450980 0.12676056 0.22613065 0.29367089
 148.00000000 0.35274510 0.04929577 0.28643216 0.37468354
 155.00000000 0.41176471 0.13380282 0.44723618 0.41265823
 169.00000000 0.37254902 0.26760563 0.37185930 0.42784810
 162.00000000 0.33333333 0.40140845 0.21105528 0.40759494
 156.00000000 0.29411765 0.31690141 0.24623116 0.40000000
 37.00000000 0.09803922 0.04225352 0.06030151 0.10379747
 39.00000000 0.09803922 0.04929577 0.12060302 0.17721519
 76.00000000 0.13725490 0.05633803 0.16582915 0.42531646
 91.00000000 0.17647059 0.09859155 0.19095477 0.43544304
 82.00000000 0.19607843 0.10563380 0.22613065 0.21265823
 92.00000000 0.21568627 0.09154930 0.31155779 0.24050633
 100.00000000 0.27450980 0.09154930 0.51256281 0.33670886
 115.00000000 0.33333333 0.08450704 0.69849246 0.38734177
 111.00000000 0.37254902 0.07042254 0.68341709 0.43797468
 131.00000000 0.45078431 0.08450704 1.00000000 0.41518987
 131.00000000 0.33333333 0.14084507 0.76884422 0.39493671
 130.00000000 0.27450980 0.19718310 0.60804020 0.45822785
 160.00000000 0.31372549 0.18309859 0.47236181 0.68354430
 175.00000000 0.31372549 0.14084507 0.14070352 0.47594937
 168.00000000 0.45078431 0.38732394 0.15075377 0.43797468
 140.00000000 0.39215686 0.35915493 0.19095477 0.34683544
 136.00000000 0.43117647 0.35915493 0.22613065 0.33164557
 120.00000000 0.41176471 0.37323944 0.24120603 0.30379747
 130.00000000 0.45078431 0.26056338 0.29648241 0.40759494
 91.00000000 0.27450980 0.04929577 0.40201005 0.24556962
 81.00000000 0.21568627 0.00704225 0.21608040 0.25063291
 48.00000000 0.03921569 0.00000000 0.06030151 0.53164557
 30.00000000 0.03921569 0.00704225 0.06030151 0.36962025
 6.00000000 0.03921569 0.00000000 0.04522613 0.20253165
 8.00000000 0.03921569 0.00000000 0.05025126 0.07848101
 11.00000000 0.03921569 0.00704225 0.07537688 0.07341772
 3.00000000 0.03921569 0.00704225 0.05527638 0.01518987
 3.00000000 0.03921569 0.00704225 0.08542714 0.00759494
 3.00000000 0.03921569 0.00000000 0.08040201 0.00000000
 3.00000000 0.03921569 0.00000000 0.07537688 0.00000000
 17.00000000 0.03921569 0.01408451 0.07537688 0.03291139
 33.00000000 0.13725490 0.03521127 0.22613065 0.33164557
 41.00000000 0.15686275 0.04929577 0.26130653 0.19493671
 51.00000000 0.19607843 0.06338028 0.40201005 0.28607595
 68.00000000 0.21568627 0.03521127 0.50753769 0.42025316
 53.00000000 0.21568627 0.03521127 0.46733668 0.41012658
 51.00000000 0.19607843 0.03521127 0.47236181 0.27088608
 37.00000000 0.15686275 0.02816901 0.46733668 0.13417722
 40.00000000 0.15686275 0.03521127 0.43216080 0.20759494
 41.00000000 0.17647059 0.04225352 0.39698492 0.17215190
 36.00000000 0.15686275 0.04929577 0.29145729 0.14177215
 39.00000000 0.15686275 0.05633803 0.29145729 0.26075949
 52.00000000 0.17647059 0.06338028 0.36180905 0.24810127
 68.00000000 0.21568627 0.07042254 0.46231156 0.33924051
 88.00000000 0.19607843 0.07746479 0.41708543 0.34430380
 98.00000000 0.17647059 0.07042254 0.40201005 0.31645570
 65.00000000 0.17647059 0.07042254 0.15075377 0.22025316
 79.00000000 0.17647059 0.14084507 0.18090452 0.39493671
 81.00000000 0.23529412 0.11971831 0.23115578 0.62784810
 76.00000000 0.27450980 0.13380282 0.21105528 0.53417722
 90.00000000 0.25470588 0.14788732 0.23618090 0.38481013
 74.00000000 0.19607843 0.14788732 0.24623116 0.33670886
 66.00000000 0.17647059 0.12676056 0.27135678 0.35696203
 66.00000000 0.17647059 0.10563380 0.32663317 0.34683544
 64.00000000 0.17647059 0.09154930 0.41708543 0.40253165
 68.00000000 0.19607843 0.07746479 0.36180905 0.47594937
 89.00000000 0.21568627 0.07746479 0.36180905 0.49113924
 98.00000000 0.21568627 0.07746479 0.31658291 0.41518987
 113.00000000 0.21568627 0.09859155 0.31155779 0.41772152
 128.00000000 0.23529412 0.19014085 0.35678392 0.44303797
 133.00000000 0.25470588 0.21126761 0.35175879 0.51645570
 132.00000000 0.23529412 0.25352113 0.26633166 0.41518987
 131.00000000 0.23529412 0.26760563 0.18592965 0.46835443
 125.00000000 0.23529412 0.27464789 0.17085427 0.38987342
 124.00000000 0.25470588 0.31690141 0.16582915 0.33417722
 124.00000000 0.27450980 0.35211268 0.18090452 0.47848101
 139.00000000 0.27450980 0.29577465 0.20100503 0.58227848
 150.00000000 0.33333333 0.23943662 0.21105528 0.65569620
 154.00000000 0.31372549 0.21126761 0.22613065 0.52151899
 157.00000000 0.31372549 0.17605634 0.27638191 0.48607595
 157.00000000 0.25470588 0.14084507 0.26130653 0.56202532
 151.00000000 0.25470588 0.11971831 0.27638191 0.45822785
 146.00000000 0.23529412 0.10563380 0.37185930 0.41012658
 146.00000000 0.25470588 0.09154930 0.43718593 0.41265823
 153.00000000 0.25470588 0.09154930 0.46733668 0.49113924
 207.00000000 0.25470588 0.02112676 0.45226131 0.52911392
 176.00000000 0.21568627 0.04929577 0.36683417 0.43544304
 160.00000000 0.19607843 0.07042254 0.33668342 0.40506329
 18.00000000 0.03921569 0.00000000 0.11055276 0.09367089
 15.00000000 0.03921569 0.00000000 0.08040201 0.03037975
 6.00000000 0.03921569 0.00000000 0.08542714 0.00506329
 17.00000000 0.03921569 0.00000000 0.10050251 0.14936709
 25.00000000 0.05882353 0.00000000 0.16080402 0.13924051
 26.00000000 0.05882353 0.00000000 0.18592965 0.16708861
 20.00000000 0.05882353 0.00000000 0.14070352 0.52911392
 36.00000000 0.09803922 0.00704225 0.21608040 0.24050633
 45.00000000 0.09803922 0.01408451 0.27638191 0.24810127
 69.00000000 0.13725490 0.04929577 0.31658291 0.48354430
 82.00000000 0.17647059 0.07746479 0.33668342 0.38481013
 87.00000000 0.17647059 0.07746479 0.43718593 0.45063291
 80.00000000 0.15686275 0.04929577 0.43216080 0.20506329
 88.00000000 0.19607843 0.04929577 0.49748744 0.41265823
 95.00000000 0.21568627 0.07042254 0.48241206 0.46582278
 138.00000000 0.29411765 0.11971831 0.47738693 0.64810127
 212.00000000 0.37254902 0.20422535 0.49748744 0.64810127
 254.00000000 0.41176471 0.27464789 0.49246231 0.73924051
 265.00000000 0.41176471 0.32394366 0.49246231 0.69367089
 295.00000000 0.47058824 0.23239437 0.46733668 1.00000000
 308.00000000 0.39215686 0.16197183 0.35678392 0.77721519
 285.00000000 0.39215686 0.10563380 0.31658291 0.73670886
 196.00000000 0.39215686 0.05633803 0.39698492 0.48607595
 110.00000000 0.21568627 0.08450704 0.18592965 0.62025316
 171.00000000 0.27450980 0.14084507 0.22110553 0.77215190
 134.00000000 0.25470588 0.14788732 0.19597990 0.42025316
 127.00000000 0.25470588 0.10563380 0.39698492 0.34683544
 142.00000000 0.29411765 0.09859155 0.52763819 0.53417722
 158.00000000 0.33333333 0.10563380 0.69346734 0.62531646
 180.00000000 0.41176471 0.06338028 0.95979899 0.75189873
 180.00000000 0.33333333 0.04929577 0.93969849 0.64810127
 145.00000000 0.29411765 0.03521127 0.76884422 0.40253165
 221.00000000 0.33333333 0.06338028 0.53266332 0.74936709
 194.00000000 0.49019608 0.16901408 0.27135678 0.49873418
 184.00000000 0.52921569 0.21126761 0.37185930 0.51898734
 149.00000000 0.45078431 0.13380282 0.38190955 0.50632911
 124.00000000 0.37254902 0.07042254 0.36683417 0.33670886
 126.00000000 0.35274510 0.04225352 0.28643216 0.30379747
 123.00000000 0.31372549 0.02112676 0.24120603 0.30886076
 39.00000000 0.03921569 0.00000000 0.09045226 0.27341772
 9.00000000 0.03921569 0.00000000 0.07537688 0.03037975
 3.00000000 0.03921569 0.00704225 0.10552764 0.14936709
 3.00000000 0.05882353 0.00000000 0.15577889 0.07088608
 10.00000000 0.03921569 0.00704225 0.10050251 0.02784810
 10.00000000 0.05882353 0.00704225 0.08542714 0.02025316
 6.00000000 0.03921569 0.00704225 0.08542714 0.05316456
 11.00000000 0.01960784 0.00704225 0.09045226 0.04303797
 17.00000000 0.01960784 0.00000000 0.07035176 0.22531646
 13.00000000 0.01960784 0.00000000 0.09547739 0.20759494
 18.00000000 0.03921569 0.02112676 0.10552764 0.25316456
 31.00000000 0.05882353 0.11971831 0.15577889 0.27341772
 30.00000000 0.07843137 0.16197183 0.17085427 0.31392405
 39.00000000 0.07843137 0.11971831 0.26130653 0.27088608
 44.00000000 0.09803922 0.09859155 0.39698492 0.34683544
 52.00000000 0.13725490 0.00704225 0.25628141 0.28860759
 53.00000000 0.17647059 0.05633803 0.37185930 0.20000000
 75.00000000 0.21568627 0.14788732 0.56281407 0.32151899
 77.00000000 0.29411765 0.12676056 0.55778894 0.25822785
 108.00000000 0.17647059 0.12676056 0.62311558 0.47848101
 89.00000000 0.13725490 0.14788732 0.31658291 0.37468354
 68.00000000 0.07843137 0.08450704 0.04522613 0.27594937
 53.00000000 0.09803922 0.14084507 0.07035176 0.50886076
 70.00000000 0.11764706 0.19014085 0.08542714 0.50886076
 65.00000000 0.21568627 0.26056338 0.10552764 0.49113924
 66.00000000 0.17647059 0.23239437 0.16080402 0.31392405
 63.00000000 0.15686275 0.26056338 0.14070352 0.31139241
 58.00000000 0.11764706 0.19014085 0.15075377 0.26582278
 43.00000000 0.07843137 0.11971831 0.08040201 0.21518987
 44.00000000 0.07843137 0.11267606 0.12562814 0.29367089
 48.00000000 0.09803922 0.11267606 0.12562814 0.34936709
 54.00000000 0.09803922 0.11267606 0.24120603 0.32658228
 59.00000000 0.11764706 0.09154930 0.18592965 0.35443038
 79.00000000 0.13725490 0.11267606 0.11557789 0.39746835
 85.00000000 0.13725490 0.18309859 0.12060302 0.29367089
 85.00000000 0.15686275 0.25352113 0.15075377 0.31139241
 93.00000000 0.15686275 0.31690141 0.17587940 0.38227848
 96.00000000 0.15686275 0.34507042 0.15577889 0.34683544
 99.00000000 0.17647059 0.29577465 0.14070352 0.42025316
 110.00000000 0.17647059 0.30985915 0.11557789 0.42784810
 106.00000000 0.21568627 0.38028169 0.10050251 0.40506329
 111.00000000 0.25470588 0.50704225 0.09547739 0.36708861
 111.00000000 0.25470588 0.54225352 0.08542714 0.30886076
 110.00000000 0.21568627 0.47887324 0.09045226 0.51898734
 119.00000000 0.23529412 0.44366197 0.10050251 0.52911392
 107.00000000 0.19607843 0.38732394 0.10050251 0.31392405
 102.00000000 0.15686275 0.25352113 0.09547739 0.40506329
 106.00000000 0.15686275 0.20422535 0.09045226 0.47848101
 106.00000000 0.13725490 0.17605634 0.09547739 0.32658228
 100.00000000 0.13725490 0.16901408 0.10050251 0.35189873
 99.00000000 0.15686275 0.16901408 0.15075377 0.30632911
 112.00000000 0.17647059 0.00704225 0.31155779 0.41772152
 127.00000000 0.19607843 0.00000000 0.28140704 0.42531646
 116.00000000 0.19607843 0.00000000 0.24623116 0.35949367
 138.00000000 0.25470588 0.03521127 0.39698492 0.51392405
 160.00000000 0.23529412 0.16901408 0.48241206 0.39746835
 18.00000000 0.03921569 0.01408451 0.07537688 0.03291139
 37.00000000 0.01960784 0.00704225 0.09547739 0.15443038
 21.00000000 0.01960784 0.00000000 0.12562814 0.11392405
 47.00000000 0.11764706 0.09154930 0.20603015 0.23037975
 48.00000000 0.11764706 0.09154930 0.18592965 0.12658228
 36.00000000 0.07843137 0.12676056 0.13567839 0.40253165
 53.00000000 0.13725490 0.13380282 0.16080402 0.41265823
 68.00000000 0.13725490 0.19014085 0.24623116 0.29873418
 177.00000000 0.35274510 0.17605634 0.30653266 0.76962025
 207.00000000 0.33333333 0.17605634 0.25125628 0.64810127
 202.00000000 0.35274510 0.21830986 0.23618090 0.62784810
 240.00000000 0.37254902 0.23239437 0.20100503 0.64556962
 247.00000000 0.37254902 0.14084507 0.17587940 0.67848101
 262.00000000 0.39215686 0.17605634 0.18090452 0.72658228
 258.00000000 0.41176471 0.17605634 0.17587940 0.70126582
 264.00000000 0.43117647 0.19014085 0.18090452 0.68101266
 259.00000000 0.47058824 0.21126761 0.17587940 0.69873418
 229.00000000 0.35274510 0.20422535 0.17587940 0.62278481
 186.00000000 0.33333333 0.24647887 0.25628141 0.46075949
 161.00000000 0.29411765 0.28873239 0.24623116 0.43797468
 128.00000000 0.21568627 0.40140845 0.18592965 0.33417722
 127.00000000 0.23529412 0.35915493 0.23618090 0.32911392
 136.00000000 0.25470588 0.37323944 0.20603015 0.33670886
 117.00000000 0.25470588 0.30985915 0.16582915 0.30379747
 146.00000000 0.27450980 0.29577465 0.18090452 0.35696203
 124.00000000 0.25470588 0.21830986 0.16582915 0.35443038
 162.00000000 0.27450980 0.13380282 0.26633166 0.44050633
 138.00000000 0.33333333 0.16901408 0.17587940 0.36708861
 166.00000000 0.33333333 0.09154930 0.31155779 0.47848101
 170.00000000 0.33333333 0.07042254 0.31155779 0.56962025
 148.00000000 0.31372549 0.01408451 0.25628141 0.39493671
 163.00000000 0.35274510 0.00704225 0.20603015 0.40759494
 178.00000000 0.39215686 0.06338028 0.34673367 0.51645570
 200.00000000 0.45078431 0.23943662 0.45728643 0.60000000
 189.00000000 0.39215686 0.35915493 0.39698492 0.47088608
 155.00000000 0.33333333 0.32394366 0.22613065 0.39240506
 103.00000000 0.21568627 0.14084507 0.11557789 0.44303797
 70.00000000 0.19607843 0.11971831 0.13065327 0.17721519
 85.00000000 0.19607843 0.07746479 0.16080402 0.48101266
 92.00000000 0.23529412 0.04225352 0.22613065 0.42784810
 112.00000000 0.29411765 0.04929577 0.43718593 0.39240506
 119.00000000 0.37254902 0.03521127 0.57286432 0.58987342
 205.00000000 0.31372549 0.14788732 0.12562814 0.66835443
 190.00000000 0.54882353 0.38732394 0.14070352 0.54936709
 178.00000000 0.52921569 0.42253521 0.19095477 0.44556962
 162.00000000 0.49019608 0.43661972 0.19597990 0.44810127
 144.00000000 0.47058824 0.42253521 0.20100503 0.37468354
 88.00000000 0.54882353 0.62676056 0.28643216 0.47341772
 120.00000000 0.43117647 0.47887324 0.28643216 0.51392405
 123.00000000 0.43117647 0.26760563 0.31658291 0.44810127
 90.00000000 0.25470588 0.16901408 0.23115578 0.23037975
 74.00000000 0.21568627 0.14084507 0.22110553 0.20000000
 69.00000000 0.21568627 0.09859155 0.19597990 0.18987342
 79.00000000 0.23529412 0.08450704 0.20603015 0.22278481
 102.00000000 0.29411765 0.08450704 0.37688442 0.29367089
 101.00000000 0.25470588 0.05633803 0.30150754 0.25569620
 79.00000000 0.21568627 0.00000000 0.24120603 0.22025316
 35.00000000 0.00000000 0.00000000 0.06532663 0.34683544
 11.00000000 0.00000000 0.00000000 0.05527638 0.20000000
 3.00000000 0.00000000 0.00000000 0.05527638 0.07848101
 7.00000000 0.00000000 0.00000000 0.03517588 0.04303797
 3.00000000 0.00000000 0.00000000 0.04020101 0.03291139
 3.00000000 0.00000000 0.00000000 0.06030151 0.03544304
 6.00000000 0.01960784 0.00000000 0.12562814 0.05316456
 8.00000000 0.01960784 0.00000000 0.10552764 0.10379747
 12.00000000 0.01960784 0.00000000 0.08040201 0.04556962
 12.00000000 0.01960784 0.00000000 0.07035176 0.03544304
 3.00000000 0.01960784 0.00000000 0.06030151 0.01518987
 7.00000000 0.01960784 0.00000000 0.06532663 0.03037975
 19.00000000 0.00000000 0.00000000 0.06532663 0.06075949
 24.00000000 0.01960784 0.00000000 0.07035176 0.07848101
 27.00000000 0.01960784 0.00000000 0.08542714 0.14683544
 25.00000000 0.01960784 0.00000000 0.09045226 0.07594937
 21.00000000 0.01960784 0.00000000 0.10552764 0.13924051
 17.00000000 0.01960784 0.00000000 0.13567839 0.15949367
 7.00000000 0.01960784 0.00000000 0.14572864 0.21518987
 28.00000000 0.01960784 0.01408451 0.12562814 0.25569620
 23.00000000 0.03921569 0.07746479 0.19597990 0.27594937
 32.00000000 0.05882353 0.08450704 0.31155779 0.26329114
 41.00000000 0.05882353 0.06338028 0.36683417 0.31645570
 56.00000000 0.07843137 0.05633803 0.42713568 0.33164557
 47.00000000 0.07843137 0.04929577 0.44221106 0.31392405
 39.00000000 0.07843137 0.02816901 0.43718593 0.30632911
 37.00000000 0.09803922 0.01408451 0.39698492 0.25822785
 42.00000000 0.11764706 0.03521127 0.43216080 0.17721519
 43.00000000 0.11764706 0.04929577 0.39698492 0.23797468
 47.00000000 0.09803922 0.10563380 0.36180905 0.28607595
 42.00000000 0.11764706 0.10563380 0.32663317 0.22531646
 46.00000000 0.11764706 0.09154930 0.38190955 0.32911392
 60.00000000 0.11764706 0.09154930 0.39698492 0.27848101
 65.00000000 0.13725490 0.09154930 0.44723618 0.32405063
 88.00000000 0.15686275 0.09154930 0.61809045 0.42784810
 104.00000000 0.13725490 0.10563380 0.52763819 0.40000000
 60.00000000 0.05882353 0.07042254 0.12060302 0.25822785
 61.00000000 0.07843137 0.07746479 0.14070352 0.41012658
 52.00000000 0.07843137 0.12676056 0.15075377 0.36962025
 71.00000000 0.15686275 0.21830986 0.15577889 0.46075949
 76.00000000 0.19607843 0.24647887 0.17085427 0.34683544
 73.00000000 0.15686275 0.23239437 0.19597990 0.35949367
 67.00000000 0.09803922 0.18309859 0.13567839 0.33164557
 57.00000000 0.05882353 0.14084507 0.14572864 0.32405063
 46.00000000 0.05882353 0.11267606 0.11557789 0.32405063
 47.00000000 0.05882353 0.09154930 0.11557789 0.33417722
 61.00000000 0.07843137 0.09154930 0.13065327 0.36202532
 60.00000000 0.07843137 0.09859155 0.17085427 0.33924051
 82.00000000 0.09803922 0.12676056 0.19095477 0.36455696
 89.00000000 0.11764706 0.20422535 0.20603015 0.37721519
 102.00000000 0.13725490 0.29577465 0.25125628 0.41265823
 103.00000000 0.13725490 0.31690141 0.25628141 0.40000000
 128.00000000 0.13725490 0.30281690 0.27135678 0.40000000
 111.00000000 0.13725490 0.30985915 0.25125628 0.41518987
 114.00000000 0.13725490 0.30985915 0.22110553 0.45569620
 114.00000000 0.15686275 0.33098592 0.19095477 0.43037975
 111.00000000 0.19607843 0.38028169 0.18090452 0.42784810
 107.00000000 0.21568627 0.47183099 0.17085427 0.37215190
 106.00000000 0.21568627 0.48591549 0.17085427 0.42531646
 117.00000000 0.19607843 0.40845070 0.15075377 0.49113924
 122.00000000 0.21568627 0.33098592 0.14572864 0.53924051
 115.00000000 0.17647059 0.23239437 0.15577889 0.45822785
 124.00000000 0.13725490 0.17605634 0.13567839 0.48101266
 111.00000000 0.11764706 0.14788732 0.14070352 0.42278481
 113.00000000 0.11764706 0.14788732 0.14572864 0.39240506
 112.00000000 0.09803922 0.17605634 0.14572864 0.34936709
 107.00000000 0.09803922 0.17605634 0.16080402 0.33417722
 112.00000000 0.11764706 0.12676056 0.18592965 0.33670886
 132.00000000 0.17647059 0.05633803 0.50251256 0.43037975
 134.00000000 0.17647059 0.19718310 0.43216080 0.55696203
 169.00000000 0.15686275 0.31690141 0.39698492 0.44810127
 20.00000000 0.00000000 0.00000000 0.10552764 0.10379747
 28.00000000 0.00000000 0.00000000 0.10552764 0.06835443
 20.00000000 0.00000000 0.00000000 0.12562814 0.11645570
 21.00000000 0.00000000 0.00000000 0.12060302 0.04050633
 9.00000000 0.00000000 0.00000000 0.12562814 0.35949367
 20.00000000 0.01960784 0.00000000 0.17085427 0.20506329
 16.00000000 0.03921569 0.01408451 0.19095477 0.28607595
 55.00000000 0.09803922 0.07042254 0.25125628 0.36455696
 40.00000000 0.05882353 0.09154930 0.16080402 0.13924051
 56.00000000 0.09803922 0.10563380 0.17587940 0.37974684
 70.00000000 0.11764706 0.14084507 0.25628141 0.34936709
 75.00000000 0.09803922 0.16901408 0.17587940 0.29620253
 86.00000000 0.09803922 0.15492958 0.19095477 0.28101266
 85.00000000 0.11764706 0.14788732 0.26130653 0.28860759
 123.00000000 0.23529412 0.14788732 0.32663317 0.60506329
 178.00000000 0.31372549 0.21126761 0.27135678 0.58987342
 197.00000000 0.33333333 0.26760563 0.29648241 0.68860759
 236.00000000 0.31372549 0.34507042 0.24623116 0.62025316
 209.00000000 0.31372549 0.42253521 0.26130653 0.55949367
 195.00000000 0.35274510 0.38732394 0.25628141 0.54936709
 248.00000000 0.35274510 0.33098592 0.26130653 0.62784810
 235.00000000 0.35274510 0.26056338 0.23618090 0.66075949
 243.00000000 0.35274510 0.21830986 0.23115578 0.64303797
 239.00000000 0.39215686 0.23943662 0.21608040 0.64810127
 240.00000000 0.43117647 0.25352113 0.25125628 0.63291139
 136.00000000 0.15686275 0.35211268 0.20603015 0.33164557
 134.00000000 0.17647059 0.31690141 0.22110553 0.33670886
 135.00000000 0.19607843 0.26056338 0.28643216 0.33164557
 108.00000000 0.23529412 0.21830986 0.24120603 0.28860759
 118.00000000 0.25470588 0.18309859 0.23618090 0.34177215
 130.00000000 0.23529412 0.16197183 0.27135678 0.36708861
 136.00000000 0.23529412 0.17605634 0.18592965 0.33417722
 141.00000000 0.25470588 0.17605634 0.24623116 0.37215190
 170.00000000 0.27450980 0.14788732 0.31155779 0.41518987
 173.00000000 0.27450980 0.11267606 0.37185930 0.45822785
 172.00000000 0.31372549 0.09859155 0.39698492 0.47088608
 190.00000000 0.35274510 0.19718310 0.42713568 0.53164557
 199.00000000 0.37254902 0.35915493 0.44723618 0.58227848
 187.00000000 0.31372549 0.40845070 0.33165829 0.52151899
 55.00000000 0.07843137 0.06338028 0.13065327 0.13670886
 60.00000000 0.07843137 0.06338028 0.16080402 0.17215190
 100.00000000 0.15686275 0.15492958 0.18090452 0.28607595
 85.00000000 0.15686275 0.10563380 0.21608040 0.23797468
 91.00000000 0.17647059 0.09154930 0.27638191 0.30886076
 95.00000000 0.21568627 0.09154930 0.38693467 0.40253165
 98.00000000 0.23529412 0.05633803 0.44723618 0.40253165
 135.00000000 0.29411765 0.06338028 0.66331658 0.39493671
 137.00000000 0.31372549 0.08450704 0.74371859 0.44303797
 131.00000000 0.27450980 0.09859155 0.64321608 0.44556962
 140.00000000 0.27450980 0.12676056 0.55778894 0.53924051
 149.00000000 0.27450980 0.16197183 0.49246231 0.76455696
 207.00000000 0.31372549 0.15492958 0.24623116 0.79746835
 183.00000000 0.41176471 0.34507042 0.15577889 0.51645570
 178.00000000 0.43117647 0.43661972 0.18592965 0.43797468
 170.00000000 0.41176471 0.42253521 0.19597990 0.42531646
 162.00000000 0.41176471 0.42253521 0.22110553 0.41772152
 132.00000000 0.45078431 0.42957746 0.25628141 0.34177215
 148.00000000 0.45078431 0.47183099 0.24623116 0.36708861
 132.00000000 0.43117647 0.49295775 0.27638191 0.32911392
 125.00000000 0.37254902 0.40140845 0.28643216 0.34177215
 112.00000000 0.41176471 0.19014085 0.30150754 0.41012658
 88.00000000 0.25470588 0.12676056 0.33668342 0.22531646
 80.00000000 0.25470588 0.11267606 0.34170854 0.21265823
 117.00000000 0.25470588 0.08450704 0.32663317 0.32405063
 100.00000000 0.21568627 0.02816901 0.27638191 0.24556962
 48.00000000 0.00000000 0.00000000 0.00502513 0.51645570
 24.00000000 0.01960784 0.00000000 0.02010050 0.23037975
 3.00000000 0.01960784 0.00000000 0.00000000 0.07848101
 6.00000000 0.01960784 0.00000000 0.01507538 0.06075949
 7.00000000 0.01960784 0.00000000 0.06030151 0.07088608
 6.00000000 0.03921569 0.00000000 0.12060302 0.05316456
 7.00000000 0.03921569 0.01408451 0.03517588 0.01518987
 15.00000000 0.03921569 0.02112676 0.09547739 0.06075949
 6.00000000 0.03921569 0.02112676 0.02512563 0.02025316
 8.00000000 0.03921569 0.02112676 0.02010050 0.06582278
 3.00000000 0.03921569 0.00704225 0.02010050 0.06329114
 7.00000000 0.00000000 0.00000000 0.00000000 0.01772152
 6.00000000 0.01960784 0.00000000 0.00000000 0.03037975
 6.00000000 0.00000000 0.00000000 0.00000000 0.02025316
 8.00000000 0.00000000 0.00000000 0.00000000 0.02784810
 8.00000000 0.00000000 0.00000000 0.03015075 0.16202532
 11.00000000 0.01960784 0.00000000 0.04522613 0.07341772
 17.00000000 0.01960784 0.00000000 0.05025126 0.07594937
 11.00000000 0.01960784 0.00000000 0.06030151 0.10379747
 14.00000000 0.01960784 0.00000000 0.07035176 0.06835443
 10.00000000 0.01960784 0.00000000 0.06030151 0.07088608
 14.00000000 0.01960784 0.00000000 0.05527638 0.03797468
 8.00000000 0.01960784 0.00000000 0.05527638 0.04556962
 11.00000000 0.01960784 0.00000000 0.07035176 0.07594937
 18.00000000 0.03921569 0.00000000 0.07537688 0.14177215
 17.00000000 0.03921569 0.02112676 0.10050251 0.11645570
 23.00000000 0.03921569 0.02816901 0.26130653 0.11139241
 33.00000000 0.07843137 0.04929577 0.38190955 0.26075949
 40.00000000 0.07843137 0.06338028 0.42713568 0.24050633
 44.00000000 0.07843137 0.06338028 0.43216080 0.25316456
 29.00000000 0.05882353 0.04929577 0.20100503 0.19240506
 41.00000000 0.07843137 0.04225352 0.22613065 0.19240506
 28.00000000 0.03921569 0.03521127 0.05527638 0.17215190
 31.00000000 0.03921569 0.04225352 0.06030151 0.22531646
 43.00000000 0.07843137 0.07746479 0.10050251 0.32151899
 44.00000000 0.07843137 0.11971831 0.14572864 0.35696203
 57.00000000 0.07843137 0.10563380 0.16582915 0.37468354
 57.00000000 0.09803922 0.09154930 0.13567839 0.34177215
 54.00000000 0.09803922 0.07042254 0.12060302 0.27848101
 50.00000000 0.07843137 0.07042254 0.10552764 0.24556962
 45.00000000 0.07843137 0.05633803 0.10050251 0.22784810
 45.00000000 0.09803922 0.03521127 0.10552764 0.23797468
 46.00000000 0.09803922 0.02112676 0.08542714 0.20000000
 48.00000000 0.09803922 0.02816901 0.08040201 0.23291139
 51.00000000 0.09803922 0.02112676 0.08542714 0.23544304
 50.00000000 0.11764706 0.02112676 0.08542714 0.24050633
 60.00000000 0.11764706 0.03521127 0.14572864 0.29367089
 61.00000000 0.11764706 0.05633803 0.21608040 0.28607595
 62.00000000 0.11764706 0.10563380 0.17587940 0.28860759
 72.00000000 0.11764706 0.11267606 0.17587940 0.42531646
 94.00000000 0.13725490 0.14788732 0.19095477 0.41265823
 108.00000000 0.13725490 0.16197183 0.20100503 0.44050633
 122.00000000 0.15686275 0.18309859 0.22613065 0.46329114
 135.00000000 0.17647059 0.21126761 0.25125628 0.47594937
 135.00000000 0.19607843 0.21830986 0.19095477 0.45822785
 129.00000000 0.21568627 0.28169014 0.16080402 0.44050633
 113.00000000 0.23529412 0.34507042 0.16080402 0.42278481
 114.00000000 0.23529412 0.34507042 0.17085427 0.45822785
 117.00000000 0.21568627 0.27464789 0.16080402 0.48860759
 129.00000000 0.23529412 0.23943662 0.16582915 0.53670886
 138.00000000 0.23529412 0.19718310 0.14572864 0.48607595
 140.00000000 0.23529412 0.11971831 0.14070352 0.47594937
 147.00000000 0.21568627 0.05633803 0.14070352 0.44556962
 16.00000000 0.01960784 0.00000000 0.00000000 0.15189873
 24.00000000 0.00000000 0.00000000 0.07537688 0.11898734
 30.00000000 0.01960784 0.00000000 0.09547739 0.16455696
 36.00000000 0.01960784 0.01408451 0.11557789 0.16202532
 39.00000000 0.01960784 0.00704225 0.13065327 0.17468354
 39.00000000 0.01960784 0.00704225 0.12060302 0.15949367
 40.00000000 0.01960784 0.00704225 0.11557789 0.17974684
 44.00000000 0.03921569 0.02112676 0.12060302 0.16962025
 45.00000000 0.05882353 0.02112676 0.16582915 0.27088608
 74.00000000 0.15686275 0.09859155 0.20100503 0.29873418
 90.00000000 0.19607843 0.14084507 0.25628141 0.36962025
 186.00000000 0.37254902 0.33802817 0.22110553 0.74936709
 218.00000000 0.41176471 0.40140845 0.22613065 0.66835443
 258.00000000 0.54882353 0.42957746 0.28643216 0.69873418
 274.00000000 0.62725490 0.52816901 0.32160804 0.75189873
 219.00000000 0.56862745 0.57746479 0.25125628 0.59493671
 224.00000000 0.58823529 0.60563380 0.26633166 0.67594937
 231.00000000 0.58823529 0.47183099 0.26130653 0.67341772
 267.00000000 0.64686275 0.44366197 0.26130653 0.71392405
 233.00000000 0.58823529 0.36619718 0.22613065 0.62278481
 221.00000000 0.52921569 0.33802817 0.18592965 0.54936709
 200.00000000 0.41176471 0.28873239 0.15577889 0.49113924
 184.00000000 0.33333333 0.26760563 0.13065327 0.45063291
 149.00000000 0.27450980 0.11971831 0.12060302 0.38987342
 40.00000000 0.11764706 0.00704225 0.04020101 0.14936709
 72.00000000 0.19607843 0.06338028 0.06030151 0.34683544
 19.00000000 0.13725490 0.04929577 0.03517588 0.19240506
 57.00000000 0.15686275 0.04225352 0.04522613 0.31392405
 52.00000000 0.13725490 0.02816901 0.04020101 0.12405063
 45.00000000 0.15686275 0.02816901 0.06532663 0.23797468
 103.00000000 0.25470588 0.11971831 0.13567839 0.37468354
 96.00000000 0.25470588 0.09154930 0.13567839 0.41265823
 90.00000000 0.25470588 0.06338028 0.10050251 0.30379747
 88.00000000 0.25470588 0.06338028 0.08542714 0.29113924
 87.00000000 0.23529412 0.04929577 0.08040201 0.25822785
 93.00000000 0.23529412 0.04225352 0.08542714 0.27848101
 88.00000000 0.23529412 0.04225352 0.09547739 0.28860759
 88.00000000 0.23529412 0.03521127 0.09547739 0.26835443
 90.00000000 0.23529412 0.02816901 0.08542714 0.27848101
 89.00000000 0.23529412 0.02112676 0.13065327 0.28860759
 98.00000000 0.29411765 0.07746479 0.15577889 0.40506329
 141.00000000 0.37254902 0.17605634 0.21105528 0.54430380
 171.00000000 0.49019608 0.25352113 0.19095477 0.60253165
 195.00000000 0.50980392 0.26056338 0.19597990 0.56708861
 187.00000000 0.45078431 0.22535211 0.17085427 0.51392405
 169.00000000 0.43117647 0.18309859 0.15075377 0.47341772
 180.00000000 0.45078431 0.07746479 0.12060302 0.53670886
 70.00000000 0.00000000 0.03521127 0.19597990 0.68354430
 44.00000000 0.00000000 0.02816901 0.16582915 0.33924051
 9.00000000 0.01960784 0.10563380 0.10552764 0.03291139
 8.00000000 0.00000000 0.09154930 0.09547739 0.01772152
 9.00000000 0.01960784 0.12676056 0.09547739 0.09873418
 10.00000000 0.01960784 0.13380282 0.11055276 0.07594937
 12.00000000 0.01960784 0.10563380 0.09045226 0.02278481
 3.00000000 0.01960784 0.09154930 0.09045226 0.02025316
 11.00000000 0.00000000 0.02112676 0.05527638 0.08101266
 8.00000000 0.00000000 0.02816901 0.06532663 0.08860759
 3.00000000 0.00000000 0.02816901 0.07537688 0.08860759
 11.00000000 0.00000000 0.01408451 0.08542714 0.06582278
 3.00000000 0.00000000 0.02112676 0.08040201 0.10126582
 10.00000000 0.01960784 0.03521127 0.07537688 0.12405063
 18.00000000 0.03921569 0.05633803 0.00000000 0.18987342
 31.00000000 0.03921569 0.04929577 0.00000000 0.11392405
 14.00000000 0.01960784 0.02112676 0.00000000 0.08101266
 11.00000000 0.00000000 0.02112676 0.00000000 0.05063291
 7.00000000 0.00000000 0.02112676 0.00000000 0.04810127
 24.00000000 0.01960784 0.02112676 0.00000000 0.14177215
 17.00000000 0.01960784 0.02112676 0.00000000 0.06582278
 18.00000000 0.03921569 0.04929577 0.00000000 0.15949367
 20.00000000 0.05882353 0.04929577 0.00000000 0.11139241
 15.00000000 0.05882353 0.05633803 0.00000000 0.14177215
 8.00000000 0.03921569 0.07042254 0.00000000 0.17215190
 19.00000000 0.07843137 0.07746479 0.00000000 0.29620253
 34.00000000 0.07843137 0.11267606 0.12562814 0.38987342
 57.00000000 0.09803922 0.14788732 0.15075377 0.36708861
 42.00000000 0.09803922 0.24647887 0.19095477 0.51392405
 60.00000000 0.13725490 0.28873239 0.20603015 0.37215190
 56.00000000 0.11764706 0.22535211 0.18592965 0.39240506
 48.00000000 0.15686275 0.18309859 0.26633166 0.45569620
 59.00000000 0.17647059 0.16901408 0.27638191 0.38227848
 46.00000000 0.11764706 0.19014085 0.12060302 0.29367089
 55.00000000 0.15686275 0.16901408 0.14070352 0.28607595
 48.00000000 0.13725490 0.16901408 0.12060302 0.22278481
 48.00000000 0.13725490 0.16197183 0.10050251 0.27594937
 52.00000000 0.15686275 0.13380282 0.15075377 0.25063291
 54.00000000 0.15686275 0.11971831 0.13065327 0.28607595
 63.00000000 0.17647059 0.12676056 0.32663317 0.40759494
 62.00000000 0.15686275 0.19014085 0.20100503 0.37468354
 80.00000000 0.15686275 0.24647887 0.24120603 0.47088608
 90.00000000 0.15686275 0.28873239 0.19597990 0.45063291
 100.00000000 0.15686275 0.30281690 0.16582915 0.42025316
 127.00000000 0.17647059 0.31690141 0.23115578 0.56962025
 122.00000000 0.19607843 0.35211268 0.21608040 0.48860759
 132.00000000 0.21568627 0.38028169 0.19095477 0.49620253
 128.00000000 0.21568627 0.41549296 0.14572864 0.49873418
 124.00000000 0.23529412 0.51408451 0.11557789 0.39240506
 116.00000000 0.23529412 0.56338028 0.12562814 0.44810127
 118.00000000 0.23529412 0.51408451 0.12562814 0.47341772
 119.00000000 0.23529412 0.44366197 0.14572864 0.64050633
 140.00000000 0.25470588 0.42957746 0.14572864 0.55696203
 139.00000000 0.23529412 0.37323944 0.13065327 0.51645570
 146.00000000 0.23529412 0.35211268 0.13567839 0.48354430
 156.00000000 0.25470588 0.27464789 0.13065327 0.45063291
 151.00000000 0.25470588 0.20422535 0.10050251 0.43291139
 155.00000000 0.23529412 0.15492958 0.10050251 0.39240506
 91.00000000 0.17647059 0.11971831 0.19095477 0.27594937
 3.00000000 0.01960784 0.02112676 0.03517588 0.01012658
 3.00000000 0.01960784 0.02816901 0.05025126 0.00000000
 6.00000000 0.03921569 0.03521127 0.07035176 0.23037975
 8.00000000 0.03921569 0.04225352 0.06532663 0.13417722
 26.00000000 0.03921569 0.03521127 0.06532663 0.10632911
 20.00000000 0.03921569 0.04225352 0.06030151 0.33924051
 16.00000000 0.03921569 0.02112676 0.06030151 0.15189873
 14.00000000 0.03921569 0.02112676 0.07537688 0.08607595
 14.00000000 0.03921569 0.02112676 0.10552764 0.03037975
 11.00000000 0.03921569 0.03521127 0.12060302 0.06075949
 24.00000000 0.05882353 0.02816901 0.11557789 0.08101266
 45.00000000 0.13725490 0.14788732 0.16582915 0.34177215
 46.00000000 0.11764706 0.14788732 0.15075377 0.17721519
 38.00000000 0.11764706 0.14084507 0.16080402 0.27848101
 41.00000000 0.13725490 0.16197183 0.10552764 0.21518987
 57.00000000 0.21568627 0.26056338 0.29145729 0.30886076
 81.00000000 0.23529412 0.31690141 0.21105528 0.42784810
 243.00000000 0.47058824 0.69014085 0.19095477 0.78987342
 247.00000000 0.54882353 0.69014085 0.23618090 0.69620253
 289.00000000 0.76470588 0.89436620 0.30653266 0.85569620
 294.00000000 0.78411765 1.00000000 0.32160804 0.79240506
 278.00000000 0.74490196 0.85211268 0.27135678 0.86582278
 272.00000000 0.66666667 0.69718310 0.22613065 0.70886076
 240.00000000 0.58823529 0.53521127 0.20100503 0.60253165
 216.00000000 0.50980392 0.47183099 0.20100503 0.54683544
 166.00000000 0.54882353 0.52816901 0.20100503 0.42784810
 219.00000000 0.56862745 0.50000000 0.18592965 0.55696203
 190.00000000 0.49019608 0.45774648 0.15577889 0.49113924
 113.00000000 0.31372549 0.30985915 0.12060302 0.30379747
 123.00000000 0.29411765 0.24647887 0.08542714 0.34177215
 126.00000000 0.29411765 0.09154930 0.22110553 0.30886076
 159.00000000 0.29411765 0.17605634 0.16582915 0.43797468
 191.00000000 0.33333333 0.17605634 0.30150754 0.47088608
 53.00000000 0.09803922 0.09859155 0.05527638 0.14177215
 35.00000000 0.09803922 0.09154930 0.07537688 0.12405063
 88.00000000 0.17647059 0.14788732 0.12562814 0.69367089
 122.00000000 0.23529412 0.21830986 0.17085427 0.47088608
 104.00000000 0.19607843 0.19718310 0.17085427 0.37974684
 108.00000000 0.21568627 0.19014085 0.18090452 0.39493671
 115.00000000 0.23529412 0.17605634 0.28140704 0.42025316
 119.00000000 0.29411765 0.16901408 0.32160804 0.35443038
 111.00000000 0.25470588 0.16197183 0.24623116 0.33924051
 101.00000000 0.21568627 0.12676056 0.19597990 0.32405063
 98.00000000 0.19607843 0.11971831 0.12562814 0.27848101
 94.00000000 0.19607843 0.10563380 0.11055276 0.28101266
 100.00000000 0.21568627 0.10563380 0.28140704 0.35189873
 103.00000000 0.23529412 0.19014085 0.37185930 0.41012658
 154.00000000 0.33333333 0.38028169 0.13065327 0.81265823
 185.00000000 0.43117647 0.48591549 0.11055276 0.63544304
 204.00000000 0.45078431 0.51408451 0.22613065 0.57721519
 195.00000000 0.41176471 0.50000000 0.16080402 0.57721519
 172.00000000 0.35274510 0.43661972 0.14572864 0.44050633
 162.00000000 0.39215686 0.42957746 0.18090452 0.44303797
 173.00000000 0.41176471 0.36619718 0.17587940 0.53924051
 164.00000000 0.43117647 0.26056338 0.24120603 0.51898734
 80.00000000 0.31372549 0.07042254 0.25628141 0.19240506
 64.00000000 0.01960784 0.01408451 0.12060302 0.28354430
 30.00000000 0.01960784 0.02112676 0.10552764 0.13417722
 11.00000000 0.01960784 0.02112676 0.10552764 0.06075949
 8.00000000 0.01960784 0.02112676 0.10050251 0.02531646
 9.00000000 0.01960784 0.02816901 0.11055276 0.04556962
 3.00000000 0.01960784 0.02112676 0.12060302 0.03037975
 17.00000000 0.01960784 0.02112676 0.14572864 0.07341772
 3.00000000 0.03921569 0.02112676 0.14572864 0.01012658
 13.00000000 0.03921569 0.02112676 0.12562814 0.02278481
 7.00000000 0.01960784 0.02112676 0.11557789 0.01012658
 3.00000000 0.01960784 0.02112676 0.14572864 0.00506329
 3.00000000 0.03921569 0.02816901 0.16582915 0.04556962
 10.00000000 0.03921569 0.02816901 0.17587940 0.05822785
 8.00000000 0.03921569 0.03521127 0.19095477 0.02025316
 15.00000000 0.03921569 0.03521127 0.20603015 0.06582278
 38.00000000 0.03921569 0.02816901 0.24120603 0.08860759
 21.00000000 0.05882353 0.03521127 0.31155779 0.19240506
 28.00000000 0.05882353 0.03521127 0.32663317 0.25569620
 38.00000000 0.07843137 0.07746479 0.38693467 0.22278481
 46.00000000 0.09803922 0.07746479 0.44723618 0.24303797
 50.00000000 0.09803922 0.09154930 0.47738693 0.24050633
 50.00000000 0.09803922 0.07746479 0.49246231 0.21012658
 43.00000000 0.07843137 0.05633803 0.49246231 0.16708861
 48.00000000 0.07843137 0.04929577 0.52261307 0.22278481
 63.00000000 0.11764706 0.05633803 0.46733668 0.27848101
 64.00000000 0.13725490 0.05633803 0.40703518 0.32911392
 65.00000000 0.11764706 0.07042254 0.39698492 0.21772152
 50.00000000 0.11764706 0.06338028 0.39195980 0.24050633
 39.00000000 0.11764706 0.08450704 0.36683417 0.18227848
 35.00000000 0.07843137 0.07042254 0.32663317 0.07594937
 30.00000000 0.09803922 0.07746479 0.34170854 0.19493671
 52.00000000 0.11764706 0.09154930 0.38190955 0.22784810
 56.00000000 0.13725490 0.09859155 0.44723618 0.17215190
 87.00000000 0.15686275 0.11971831 0.48743719 0.21772152
 101.00000000 0.15686275 0.13380282 0.53768844 0.37468354
 81.00000000 0.09803922 0.11971831 0.32663317 0.26582278
 37.00000000 0.11764706 0.11267606 0.34673367 0.30379747
 84.00000000 0.13725490 0.21126761 0.36683417 0.45569620
 81.00000000 0.15686275 0.18309859 0.35678392 0.46582278
 78.00000000 0.19607843 0.23239437 0.32663317 0.35443038
 80.00000000 0.15686275 0.23943662 0.29648241 0.31898734
 85.00000000 0.13725490 0.21830986 0.29648241 0.31392405
 71.00000000 0.09803922 0.19718310 0.25125628 0.23544304
 74.00000000 0.09803922 0.14788732 0.24623116 0.29367089
 83.00000000 0.11764706 0.15492958 0.29145729 0.30379747
 103.00000000 0.11764706 0.21126761 0.29648241 0.33417722
 118.00000000 0.15686275 0.27464789 0.31658291 0.36455696
 130.00000000 0.15686275 0.26760563 0.33165829 0.33924051
 131.00000000 0.17647059 0.26056338 0.36180905 0.35189873
 127.00000000 0.17647059 0.26056338 0.37185930 0.40253165
 131.00000000 0.15686275 0.29577465 0.31155779 0.36455696
 128.00000000 0.15686275 0.31690141 0.26633166 0.33670886
 121.00000000 0.19607843 0.36619718 0.27638191 0.32911392
 127.00000000 0.19607843 0.40140845 0.30150754 0.34936709
 130.00000000 0.23529412 0.47183099 0.32663317 0.36455696
 139.00000000 0.21568627 0.40845070 0.31658291 0.43037975
 144.00000000 0.21568627 0.32394366 0.32160804 0.46075949
 130.00000000 0.21568627 0.30281690 0.31155779 0.43037975
 146.00000000 0.17647059 0.26760563 0.28643216 0.41772152
 135.00000000 0.15686275 0.21126761 0.29648241 0.40759494
 138.00000000 0.15686275 0.20422535 0.29145729 0.33670886
 142.00000000 0.15686275 0.21126761 0.29145729 0.34936709
 140.00000000 0.15686275 0.16197183 0.39195980 0.34936709
 158.00000000 0.15686275 0.11267606 0.41708543 0.45822785
 172.00000000 0.19607843 0.07746479 0.42713568 0.55949367
 159.00000000 0.19607843 0.04225352 0.44221106 0.39240506
 157.00000000 0.21568627 0.05633803 0.44221106 0.39746835
 174.00000000 0.23529412 0.05633803 0.43718593 0.49620253
 180.00000000 0.23529412 0.06338028 0.41206030 0.45316456
 178.00000000 0.21568627 0.11971831 0.38190955 0.44303797
 168.00000000 0.19607843 0.22535211 0.34673367 0.41772152
 3.00000000 0.03921569 0.01408451 0.18592965 0.02784810
 3.00000000 0.03921569 0.02112676 0.19095477 0.07088608
 56.00000000 0.03921569 0.02112676 0.19095477 0.17721519
 3.00000000 0.03921569 0.02112676 0.19095477 0.08607595
 34.00000000 0.01960784 0.00704225 0.16582915 0.25569620
 27.00000000 0.03921569 0.00704225 0.24120603 0.15696203
 16.00000000 0.03921569 0.00704225 0.23618090 0.06075949
 52.00000000 0.09803922 0.06338028 0.30653266 0.37721519
 58.00000000 0.11764706 0.11971831 0.28643216 0.35696203
 75.00000000 0.11764706 0.13380282 0.31155779 0.26835443
 85.00000000 0.13725490 0.14788732 0.27638191 0.34430380
 89.00000000 0.13725490 0.19718310 0.30150754 0.31645570
 82.00000000 0.13725490 0.19014085 0.25628141 0.21518987
 103.00000000 0.13725490 0.16197183 0.34170854 0.28860759
 89.00000000 0.21568627 0.14788732 0.43216080 0.21518987
 138.00000000 0.29411765 0.19718310 0.38190955 0.61012658
 122.00000000 0.25470588 0.21126761 0.37688442 0.34177215
 223.00000000 0.33333333 0.38732394 0.33165829 0.74430380
 249.00000000 0.39215686 0.35915493 0.37688442 0.69113924
 242.00000000 0.47058824 0.35211268 0.37185930 0.64810127
 248.00000000 0.45078431 0.30281690 0.35678392 0.61772152
 160.00000000 0.41176471 0.32394366 0.34673367 0.41518987
 226.00000000 0.54882353 0.29577465 0.38190955 0.57215190
 169.00000000 0.39215686 0.04929577 0.32663317 0.44050633
 195.00000000 0.33333333 0.28873239 0.31155779 0.51392405
 82.00000000 0.25470588 0.11971831 0.26633166 0.43797468
 140.00000000 0.29411765 0.18309859 0.30150754 0.60253165
 78.00000000 0.21568627 0.14788732 0.33165829 0.22784810
 104.00000000 0.21568627 0.11971831 0.35175879 0.26582278
 111.00000000 0.27450980 0.09859155 0.59296482 0.35949367
 128.00000000 0.41176471 0.10563380 0.78894472 0.54683544
 139.00000000 0.43117647 0.09859155 0.75879397 0.56455696
 169.00000000 0.39215686 0.09154930 0.66834171 0.50126582
 162.00000000 0.43117647 0.42957746 0.33165829 0.40253165
 146.00000000 0.41176471 0.35915493 0.32663317 0.38227848
 85.00000000 0.25470588 0.13380282 0.30653266 0.20759494
 93.00000000 0.25470588 0.11267606 0.30653266 0.22531646
 108.00000000 0.29411765 0.08450704 0.32663317 0.29873418
 62.00000000 0.03921569 0.00000000 0.03517588 0.14430380
 22.00000000 0.03921569 0.00000000 0.04020101 0.28354430
 11.00000000 0.01960784 0.00000000 0.03517588 0.16962025
 7.00000000 0.01960784 0.00000000 0.02512563 0.11392405
 3.00000000 0.01960784 0.00000000 0.02010050 0.06329114
 8.00000000 0.01960784 0.00000000 0.05527638 0.06582278
 11.00000000 0.01960784 0.00000000 0.08040201 0.06835443
 17.00000000 0.03921569 0.00000000 0.16582915 0.09620253
 14.00000000 0.03921569 0.00000000 0.11557789 0.06329114
 3.00000000 0.03921569 0.00000000 0.06532663 0.00253165
 10.00000000 0.03921569 0.00000000 0.06532663 0.01265823
 11.00000000 0.03921569 0.00000000 0.07035176 0.05063291
 3.00000000 0.01960784 0.00000000 0.04522613 0.03797468
 10.00000000 0.01960784 0.00000000 0.06532663 0.09367089
 14.00000000 0.01960784 0.00000000 0.06532663 0.09620253
 11.00000000 0.01960784 0.00000000 0.06532663 0.09620253
 3.00000000 0.01960784 0.00000000 0.07537688 0.01012658
 15.00000000 0.01960784 0.00000000 0.16080402 0.13164557
 60.00000000 0.03921569 0.00000000 0.27135678 0.37721519
 57.00000000 0.05882353 0.02816901 0.28643216 0.27594937
 48.00000000 0.05882353 0.07746479 0.30653266 0.28607595
 36.00000000 0.09803922 0.02816901 0.42211055 0.28607595
 36.00000000 0.05882353 0.00000000 0.36683417 0.07848101
 35.00000000 0.05882353 0.00000000 0.35678392 0.18734177
 34.00000000 0.03921569 0.00000000 0.33668342 0.21772152
 29.00000000 0.03921569 0.00704225 0.27638191 0.16455696
 40.00000000 0.05882353 0.02816901 0.21105528 0.20506329
 39.00000000 0.07843137 0.03521127 0.20603015 0.36202532
 50.00000000 0.07843137 0.07746479 0.23618090 0.31392405
 53.00000000 0.07843137 0.10563380 0.27638191 0.33924051
 77.00000000 0.09803922 0.06338028 0.27638191 0.26835443
 88.00000000 0.09803922 0.04225352 0.30653266 0.22278481
 38.00000000 0.05882353 0.00000000 0.12562814 0.15443038
 47.00000000 0.07843137 0.00000000 0.11557789 0.31392405
 42.00000000 0.07843137 0.00000000 0.13567839 0.31645570
 50.00000000 0.07843137 0.01408451 0.18090452 0.50632911
 56.00000000 0.11764706 0.04929577 0.19597990 0.68607595
 61.00000000 0.15686275 0.07042254 0.17085427 0.42025316
 62.00000000 0.15686275 0.10563380 0.17085427 0.34936709
 62.00000000 0.07843137 0.11267606 0.20100503 0.25822785
 52.00000000 0.07843137 0.07746479 0.20100503 0.29873418
 47.00000000 0.07843137 0.02112676 0.20603015 0.35949367
 49.00000000 0.07843137 0.00000000 0.19095477 0.34177215
 57.00000000 0.09803922 0.00000000 0.23618090 0.27341772
 77.00000000 0.11764706 0.00000000 0.25125628 0.31392405
 87.00000000 0.15686275 0.04929577 0.32663317 0.50126582
 94.00000000 0.15686275 0.06338028 0.25125628 0.45569620
 96.00000000 0.13725490 0.05633803 0.20100503 0.39746835
 102.00000000 0.13725490 0.05633803 0.18090452 0.33670886
 106.00000000 0.13725490 0.07042254 0.16582915 0.42784810
 116.00000000 0.15686275 0.07746479 0.15577889 0.46835443
 122.00000000 0.19607843 0.07746479 0.13065327 0.46835443
 113.00000000 0.21568627 0.13380282 0.12060302 0.28354430
 77.00000000 0.13725490 0.09154930 0.09547739 0.19746835
 99.00000000 0.25470588 0.09154930 0.11055276 0.54177215
 90.00000000 0.15686275 0.07746479 0.11557789 0.39240506
 99.00000000 0.17647059 0.09154930 0.13065327 0.41772152
 104.00000000 0.15686275 0.09154930 0.16582915 0.52151899
 116.00000000 0.15686275 0.05633803 0.19597990 0.51898734
 104.00000000 0.13725490 0.06338028 0.20603015 0.25822785
 112.00000000 0.13725490 0.04225352 0.23115578 0.45316456
 126.00000000 0.13725490 0.03521127 0.26633166 0.33670886
 101.00000000 0.13725490 0.04225352 0.19597990 0.38481013
 103.00000000 0.15686275 0.00704225 0.25125628 0.27594937
 99.00000000 0.17647059 0.03521127 0.24623116 0.34683544
 104.00000000 0.17647059 0.04929577 0.20603015 0.39493671
 101.00000000 0.15686275 0.03521127 0.18592965 0.39493671
 16.00000000 0.01960784 0.00000000 0.03517588 0.03291139
 21.00000000 0.01960784 0.00000000 0.04020101 0.10379747
 18.00000000 0.01960784 0.00000000 0.09045226 0.08101266
 19.00000000 0.01960784 0.00000000 0.07537688 0.39240506
 52.00000000 0.09803922 0.06338028 0.12562814 0.20000000
 42.00000000 0.09803922 0.04225352 0.11055276 0.14936709
 44.00000000 0.09803922 0.05633803 0.15075377 0.34177215
 49.00000000 0.11764706 0.07746479 0.18592965 0.14936709
 49.00000000 0.15686275 0.11971831 0.27638191 0.26835443
 230.00000000 0.84313725 0.33098592 0.29145729 0.66329114
 248.00000000 1.00000000 0.44366197 0.34673367 0.84810127
 250.00000000 0.92137255 0.31690141 0.34673367 0.85316456
 260.00000000 0.86274510 0.17605634 0.29145729 0.76962025
 248.00000000 0.74490196 0.10563380 0.23115578 0.66329114
 110.00000000 0.17647059 0.15492958 0.11557789 0.28354430
 90.00000000 0.29411765 0.12676056 0.15075377 0.23797468
 120.00000000 0.27450980 0.11267606 0.16080402 0.29620253
 122.00000000 0.29411765 0.09859155 0.17085427 0.29873418
 110.00000000 0.33333333 0.06338028 0.17085427 0.30632911
 148.00000000 0.35274510 0.04929577 0.18592965 0.37468354
 136.00000000 0.35274510 0.02816901 0.17587940 0.35696203
 143.00000000 0.37254902 0.01408451 0.32663317 0.37468354
 139.00000000 0.37254902 0.00000000 0.31155779 0.37468354
 150.00000000 0.39215686 0.00000000 0.31658291 0.41772152
 158.00000000 0.31372549 0.00000000 0.21608040 0.42531646
 158.00000000 0.31372549 0.00704225 0.14070352 0.39240506
 36.00000000 0.09803922 0.00000000 0.03015075 0.08607595
 30.00000000 0.05882353 0.00000000 0.04020101 0.06329114
 39.00000000 0.07843137 0.00000000 0.08040201 0.11139241
 95.00000000 0.21568627 0.04929577 0.25628141 0.47594937
 115.00000000 0.25470588 0.06338028 0.33668342 0.47848101
 90.00000000 0.17647059 0.06338028 0.31658291 0.23291139
 77.00000000 0.15686275 0.08450704 0.22110553 0.34430380
 76.00000000 0.15686275 0.05633803 0.23618090 0.30379747
 86.00000000 0.21568627 0.09154930 0.23618090 0.52151899
 208.00000000 0.58823529 0.07746479 0.13567839 0.56202532
 209.00000000 0.60784314 0.06338028 0.17085427 0.66582278
 203.00000000 0.56862745 0.05633803 0.17587940 0.68607595
 183.00000000 0.45078431 0.05633803 0.19095477 0.50379747
 173.00000000 0.50980392 0.09154930 0.19597990 0.46075949
 182.00000000 0.56862745 0.08450704 0.17587940 0.50126582
 180.00000000 0.56862745 0.06338028 0.17587940 0.50886076
 181.00000000 0.56862745 0.04225352 0.21608040 0.48101266
 53.00000000 0.21568627 0.00000000 0.16582915 0.14936709
 48.00000000 0.17647059 0.00000000 0.10050251 0.10632911
